trackId,frame,x,y,sceneId
30,000002,232.65,109.2,train_397
23,000002,204.22,63.51,train_397
40,000002,743.32,64.25,train_397
42,000002,764.18,44.2,train_397
43,000002,504.32,0.66,train_397
29,000002,182.53,115.56,train_397
31,000002,268.76,101.51,train_397
20,000002,164.77,25.78,train_397
24,000002,235.57,55.39,train_397
2,000002,100.79,369.02,train_397
38,000002,715.59,75.68,train_397
50,000002,878.93,1.9,train_397
10,000002,983.97,397.96,train_397
28,000002,371.45,22.41,train_397
6,000002,556.06,587.15,train_397
14,000002,626.12,177.78,train_397
34,000002,625.66,39.2,train_397
41,000002,764.79,28.53,train_397
18,000002,29.68,162.04,train_397
27,000002,330.8,29.99,train_397
49,000002,1203.67,59.02,train_397
4,000002,414.19,407.55,train_397
36,000002,651.71,32.97,train_397
32,000002,505.44,54.95,train_397
3,000002,133.3,433.26,train_397
11,000002,1167.34,266.16,train_397
17,000002,338.22,162.54,train_397
5,000002,500.98,421.02,train_397
47,000002,1105.64,84.23,train_397
39,000002,717.26,31.75,train_397
7,000002,645.38,448.74,train_397
44,000002,519.14,5.39,train_397
19,000002,96.02,42.54,train_397
13,000002,940.25,158.05,train_397
12,000002,1225.23,221.49,train_397
52,000002,916.95,10.99,train_397
9,000002,894.62,598.19,train_397
35,000002,646.54,16.31,train_397
1,000002,15.36,442.25,train_397
48,000002,1138.58,48.49,train_397
15,000002,442.43,218.34,train_397
21,000002,176.95,6.98,train_397
16,000002,486.1,227.33,train_397
33,000002,516.93,64.0,train_397
25,000002,279.91,45.8,train_397
22,000002,241.32,3.89,train_397
8,000002,844.66,411.83,train_397
51,000002,890.74,17.44,train_397
46,000002,1076.71,64.66,train_397
26,000002,297.7,28.73,train_397
37,000002,698.96,67.25,train_397
2,000003,105.67,361.21,train_397
15,000003,434.25,222.07,train_397
21,000003,166.37,1.67,train_397
36,000003,643.97,32.13,train_397
34,000003,627.17,40.08,train_397
1,000003,27.29,429.02,train_397
24,000003,227.44,51.14,train_397
49,000003,1199.48,56.55,train_397
18,000003,29.01,163.61,train_397
47,000003,1105.43,78.38,train_397
32,000003,496.5,54.46,train_397
22,000003,237.58,2.71,train_397
50,000003,876.52,3.59,train_397
46,000003,1078.35,61.37,train_397
33,000003,511.89,64.74,train_397
12,000003,1229.94,224.04,train_397
51,000003,890.74,19.78,train_397
52,000003,915.89,14.88,train_397
7,000003,619.21,455.79,train_397
5,000003,494.31,423.61,train_397
31,000003,272.2,102.08,train_397
44,000003,519.5,2.06,train_397
4,000003,415.4,402.48,train_397
23,000003,191.97,60.81,train_397
17,000003,337.91,161.92,train_397
38,000003,714.23,75.46,train_397
25,000003,269.35,44.19,train_397
10,000003,961.43,406.98,train_397
20,000003,151.88,26.61,train_397
19,000003,85.56,40.03,train_397
37,000003,697.76,67.49,train_397
9,000003,872.29,606.71,train_397
28,000003,377.37,23.55,train_397
27,000003,319.85,28.11,train_397
41,000003,757.19,28.31,train_397
26,000003,285.83,25.28,train_397
30,000003,232.14,110.23,train_397
16,000003,474.1,231.25,train_397
48,000003,1136.43,46.03,train_397
8,000003,824.74,417.13,train_397
13,000003,944.26,153.6,train_397
53,000003,908.47,5.84,train_397
40,000003,743.1,64.25,train_397
14,000003,613.33,182.52,train_397
11,000003,1188.28,279.58,train_397
42,000003,757.19,43.2,train_397
29,000003,181.71,115.29,train_397
39,000003,710.28,33.25,train_397
3,000003,136.49,416.0,train_397
6,000003,567.53,577.53,train_397
35,000003,640.8,14.82,train_397
10,000004,941.61,418.94,train_397
32,000004,489.38,55.15,train_397
19,000004,79.19,36.93,train_397
28,000004,383.21,26.6,train_397
41,000004,751.45,29.23,train_397
8,000004,801.51,423.76,train_397
1,000004,39.56,414.32,train_397
14,000004,600.3,192.25,train_397
40,000004,743.69,64.69,train_397
50,000004,874.18,7.06,train_397
21,000004,158.16,1.51,train_397
15,000004,419.61,228.14,train_397
39,000004,703.57,34.19,train_397
49,000004,1193.49,53.6,train_397
23,000004,182.31,58.93,train_397
11,000004,1212.12,294.37,train_397
22,000004,231.42,1.07,train_397
30,000004,230.52,110.35,train_397
24,000004,216.24,51.09,train_397
17,000004,337.42,163.45,train_397
51,000004,889.63,22.55,train_397
26,000004,277.37,24.6,train_397
9,000004,842.7,619.74,train_397
48,000004,1135.47,43.68,train_397
35,000004,634.71,13.48,train_397
54,000004,1268.92,461.75,train_397
6,000004,582.75,570.35,train_397
20,000004,140.41,22.01,train_397
12,000004,1230.25,224.04,train_397
47,000004,1107.48,76.2,train_397
38,000004,715.9,77.3,train_397
42,000004,750.49,41.8,train_397
27,000004,309.3,25.81,train_397
31,000004,271.05,100.36,train_397
36,000004,637.87,33.26,train_397
53,000004,905.93,9.08,train_397
4,000004,415.91,406.32,train_397
52,000004,916.53,21.97,train_397
29,000004,181.16,115.58,train_397
34,000004,627.83,41.4,train_397
37,000004,698.72,66.53,train_397
46,000004,1082.77,56.54,train_397
3,000004,137.28,408.78,train_397
16,000004,463.39,236.38,train_397
13,000004,948.3,146.48,train_397
7,000004,591.37,466.29,train_397
33,000004,505.82,64.92,train_397
44,000004,521.7,1.26,train_397
18,000004,29.01,163.16,train_397
2,000004,109.01,345.74,train_397
25,000004,260.39,42.93,train_397
5,000004,484.91,422.38,train_397
31,000005,271.89,102.62,train_397
36,000005,632.33,33.16,train_397
19,000005,73.43,38.74,train_397
4,000005,416.9,407.36,train_397
49,000005,1189.57,51.82,train_397
47,000005,1110.38,75.39,train_397
24,000005,202.89,50.21,train_397
40,000005,742.77,66.09,train_397
52,000005,917.1,24.23,train_397
8,000005,776.81,427.72,train_397
35,000005,629.53,13.18,train_397
6,000005,596.76,565.93,train_397
46,000005,1086.78,55.74,train_397
28,000005,391.02,30.26,train_397
53,000005,900.32,11.94,train_397
14,000005,588.44,200.14,train_397
50,000005,867.55,7.06,train_397
7,000005,558.32,473.72,train_397
29,000005,181.12,116.69,train_397
15,000005,406.88,231.82,train_397
23,000005,175.04,56.8,train_397
37,000005,697.28,67.01,train_397
33,000005,499.84,62.74,train_397
10,000005,922.21,424.02,train_397
18,000005,30.02,164.24,train_397
41,000005,742.63,31.06,train_397
32,000005,484.9,57.02,train_397
22,000005,226.2,1.39,train_397
3,000005,138.06,391.78,train_397
16,000005,455.05,242.41,train_397
26,000005,270.64,24.1,train_397
27,000005,300.05,27.09,train_397
12,000005,1230.25,225.28,train_397
39,000005,697.84,35.47,train_397
13,000005,956.79,140.54,train_397
17,000005,336.08,163.45,train_397
2,000005,106.05,337.19,train_397
11,000005,1235.03,306.51,train_397
51,000005,886.24,28.83,train_397
5,000005,475.28,420.24,train_397
54,000005,1234.37,446.68,train_397
9,000005,808.7,632.03,train_397
55,000005,1276.98,241.74,train_397
42,000005,745.23,43.4,train_397
38,000005,719.65,76.39,train_397
1,000005,45.34,402.75,train_397
20,000005,130.47,22.5,train_397
21,000005,153.21,0.75,train_397
25,000005,248.91,40.71,train_397
34,000005,627.54,41.23,train_397
30,000005,231.29,111.38,train_397
48,000005,1134.4,41.7,train_397
6,000006,609.91,564.96,train_397
48,000006,1134.88,39.07,train_397
22,000006,221.8,1.55,train_397
3,000006,139.9,374.46,train_397
12,000006,1230.42,227.99,train_397
40,000006,743.52,67.77,train_397
41,000006,734.82,31.45,train_397
10,000006,894.33,431.83,train_397
15,000006,397.0,238.05,train_397
11,000006,1254.23,325.95,train_397
25,000006,239.84,43.39,train_397
38,000006,723.93,78.35,train_397
30,000006,230.28,112.17,train_397
37,000006,697.44,69.42,train_397
47,000006,1113.85,72.39,train_397
20,000006,123.19,21.68,train_397
54,000006,1202.34,429.53,train_397
29,000006,181.8,117.41,train_397
7,000006,525.25,476.67,train_397
50,000006,860.49,11.98,train_397
14,000006,575.74,208.57,train_397
34,000006,625.08,44.86,train_397
33,000006,491.74,63.29,train_397
36,000006,624.48,34.78,train_397
2,000006,102.2,329.73,train_397
1,000006,45.62,395.12,train_397
9,000006,776.42,639.9,train_397
27,000006,292.1,24.96,train_397
28,000006,396.55,31.9,train_397
32,000006,477.99,59.15,train_397
26,000006,262.89,22.55,train_397
16,000006,450.48,249.76,train_397
53,000006,897.13,13.34,train_397
35,000006,621.76,13.96,train_397
5,000006,462.19,422.35,train_397
23,000006,167.62,54.59,train_397
31,000006,271.6,104.18,train_397
13,000006,964.02,138.99,train_397
4,000006,416.83,409.18,train_397
17,000006,336.16,165.54,train_397
18,000006,28.92,166.32,train_397
52,000006,915.85,26.85,train_397
8,000006,751.74,436.12,train_397
51,000006,883.92,31.69,train_397
39,000006,690.25,37.22,train_397
49,000006,1188.57,50.49,train_397
42,000006,740.97,45.41,train_397
24,000006,192.88,47.42,train_397
55,000006,1274.22,246.15,train_397
46,000006,1092.03,53.84,train_397
8,000007,731.1,449.13,train_397
13,000007,976.33,133.4,train_397
31,000007,270.42,105.72,train_397
42,000007,736.73,47.83,train_397
2,000007,94.39,315.28,train_397
6,000007,627.5,562.3,train_397
28,000007,401.18,35.63,train_397
7,000007,498.95,493.11,train_397
18,000007,28.93,165.99,train_397
15,000007,388.11,243.17,train_397
4,000007,417.69,409.92,train_397
52,000007,911.24,34.33,train_397
49,000007,1192.19,48.48,train_397
41,000007,726.35,31.88,train_397
9,000007,741.95,652.25,train_397
1,000007,45.19,383.53,train_397
51,000007,881.81,35.2,train_397
14,000007,563.79,219.34,train_397
39,000007,683.2,38.19,train_397
54,000007,1173.74,407.09,train_397
24,000007,184.72,48.08,train_397
46,000007,1093.64,50.65,train_397
53,000007,888.97,18.35,train_397
36,000007,617.79,36.46,train_397
47,000007,1114.41,69.9,train_397
32,000007,471.81,60.92,train_397
48,000007,1131.66,37.67,train_397
10,000007,863.85,438.14,train_397
17,000007,336.04,167.7,train_397
50,000007,851.18,14.41,train_397
29,000007,180.99,118.22,train_397
12,000007,1232.27,230.71,train_397
3,000007,149.61,363.69,train_397
37,000007,697.65,68.99,train_397
23,000007,157.36,53.92,train_397
30,000007,231.56,112.43,train_397
55,000007,1270.52,255.71,train_397
22,000007,222.81,1.07,train_397
35,000007,614.21,13.75,train_397
16,000007,444.05,255.07,train_397
20,000007,112.19,17.42,train_397
26,000007,254.07,20.94,train_397
40,000007,741.39,68.83,train_397
25,000007,227.64,40.78,train_397
38,000007,725.14,77.89,train_397
5,000007,454.09,422.42,train_397
11,000007,1276.35,344.08,train_397
27,000007,281.68,24.49,train_397
34,000007,626.35,44.68,train_397
33,000007,488.44,64.07,train_397
53,000008,882.82,20.87,train_397
49,000008,1193.46,46.38,train_397
48,000008,1129.45,34.02,train_397
20,000008,103.23,16.23,train_397
34,000008,625.91,45.56,train_397
15,000008,381.0,249.52,train_397
52,000008,906.37,36.62,train_397
10,000008,838.37,438.49,train_397
31,000008,269.85,102.57,train_397
17,000008,334.77,166.75,train_397
54,000008,1142.72,397.08,train_397
32,000008,465.1,61.49,train_397
23,000008,146.9,50.4,train_397
41,000008,721.47,31.86,train_397
26,000008,244.95,21.55,train_397
29,000008,180.52,117.76,train_397
5,000008,448.29,421.99,train_397
7,000008,473.87,508.49,train_397
27,000008,273.56,23.86,train_397
12,000008,1231.91,237.33,train_397
8,000008,707.97,458.12,train_397
46,000008,1094.3,48.73,train_397
3,000008,156.51,348.35,train_397
51,000008,881.72,41.2,train_397
28,000008,406.11,39.44,train_397
24,000008,179.02,44.13,train_397
40,000008,742.2,67.88,train_397
36,000008,613.77,34.34,train_397
1,000008,45.65,373.5,train_397
39,000008,677.33,36.09,train_397
2,000008,94.66,305.8,train_397
30,000008,231.05,113.2,train_397
14,000008,549.55,225.57,train_397
25,000008,219.2,38.01,train_397
18,000008,27.91,166.32,train_397
35,000008,606.89,12.56,train_397
50,000008,841.82,14.46,train_397
22,000008,227.87,1.0,train_397
47,000008,1114.31,66.18,train_397
42,000008,731.42,49.11,train_397
16,000008,436.71,259.83,train_397
4,000008,417.34,408.62,train_397
13,000008,982.18,128.69,train_397
38,000008,728.28,78.52,train_397
9,000008,708.78,667.98,train_397
33,000008,481.83,63.1,train_397
55,000008,1270.11,262.48,train_397
37,000008,699.85,69.87,train_397
6,000008,644.63,559.8,train_397
18,000009,28.14,165.42,train_397
39,000009,669.48,34.23,train_397
55,000009,1264.3,267.9,train_397
14,000009,536.39,233.58,train_397
17,000009,336.67,165.8,train_397
48,000009,1127.41,31.42,train_397
47,000009,1113.23,62.3,train_397
41,000009,714.95,31.14,train_397
9,000009,675.1,677.85,train_397
24,000009,172.5,40.02,train_397
22,000009,235.19,0.83,train_397
3,000009,159.03,337.21,train_397
7,000009,445.19,515.94,train_397
5,000009,445.26,420.15,train_397
35,000009,601.55,10.32,train_397
36,000009,607.84,33.21,train_397
49,000009,1191.7,43.38,train_397
1,000009,50.31,360.77,train_397
32,000009,458.84,60.93,train_397
30,000009,229.25,112.17,train_397
29,000009,179.95,118.62,train_397
31,000009,269.56,104.29,train_397
50,000009,833.98,16.26,train_397
20,000009,92.52,10.99,train_397
27,000009,262.53,21.56,train_397
25,000009,211.38,36.98,train_397
53,000009,872.5,22.32,train_397
4,000009,416.47,409.05,train_397
8,000009,685.75,463.52,train_397
15,000009,373.02,254.2,train_397
26,000009,232.62,20.66,train_397
28,000009,412.22,41.01,train_397
56,000009,1261.34,205.54,train_397
23,000009,138.55,47.97,train_397
13,000009,989.45,123.37,train_397
6,000009,659.94,558.81,train_397
38,000009,727.15,76.52,train_397
16,000009,425.26,264.91,train_397
52,000009,903.99,39.1,train_397
42,000009,725.53,49.06,train_397
10,000009,811.32,445.94,train_397
34,000009,621.55,43.89,train_397
2,000009,98.96,295.67,train_397
12,000009,1235.14,240.87,train_397
37,000009,699.83,68.57,train_397
40,000009,743.15,66.66,train_397
51,000009,879.75,42.6,train_397
46,000009,1093.39,43.09,train_397
54,000009,1115.98,376.83,train_397
33,000009,474.46,64.15,train_397
16,000010,414.34,266.88,train_397
10,000010,789.03,456.38,train_397
3,000010,160.11,326.56,train_397
47,000010,1114.44,57.71,train_397
48,000010,1128.71,27.82,train_397
35,000010,598.29,8.54,train_397
53,000010,861.38,23.83,train_397
52,000010,902.62,42.86,train_397
23,000010,130.48,45.66,train_397
55,000010,1260.05,275.02,train_397
29,000010,180.53,117.77,train_397
13,000010,994.16,116.41,train_397
36,000010,602.13,33.42,train_397
6,000010,671.11,555.24,train_397
1,000010,53.23,345.78,train_397
7,000010,413.67,519.1,train_397
2,000010,99.47,281.63,train_397
5,000010,441.92,419.54,train_397
33,000010,469.02,62.63,train_397
31,000010,268.14,102.85,train_397
17,000010,335.72,165.16,train_397
9,000010,643.93,683.58,train_397
38,000010,728.21,77.59,train_397
4,000010,416.04,407.44,train_397
30,000010,229.62,112.14,train_397
49,000010,1189.12,41.33,train_397
41,000010,708.73,32.04,train_397
12,000010,1241.18,243.92,train_397
34,000010,617.77,42.43,train_397
8,000010,663.99,470.56,train_397
22,000010,239.81,0.76,train_397
14,000010,524.14,242.33,train_397
20,000010,85.24,9.09,train_397
15,000010,365.06,258.95,train_397
46,000010,1094.1,38.92,train_397
50,000010,827.94,16.78,train_397
18,000010,28.57,163.48,train_397
26,000010,221.9,19.22,train_397
27,000010,252.44,18.1,train_397
28,000010,419.84,43.07,train_397
39,000010,660.51,32.52,train_397
51,000010,880.21,47.18,train_397
24,000010,162.95,38.33,train_397
32,000010,452.14,58.69,train_397
54,000010,1088.58,361.79,train_397
40,000010,741.79,64.95,train_397
42,000010,720.96,48.22,train_397
25,000010,203.18,33.28,train_397
37,000010,700.26,68.12,train_397
56,000010,1242.66,197.51,train_397
23,000011,121.55,39.67,train_397
1,000011,49.96,336.91,train_397
35,000011,596.15,6.6,train_397
48,000011,1128.77,24.96,train_397
33,000011,463.57,60.95,train_397
54,000011,1065.22,343.04,train_397
40,000011,742.6,65.09,train_397
36,000011,597.49,32.03,train_397
25,000011,194.96,30.01,train_397
57,000011,1267.69,160.16,train_397
51,000011,876.23,48.94,train_397
8,000011,636.24,477.58,train_397
37,000011,700.34,69.12,train_397
15,000011,350.95,266.91,train_397
3,000011,159.8,310.96,train_397
41,000011,701.96,29.8,train_397
31,000011,268.05,102.08,train_397
38,000011,727.88,76.43,train_397
18,000011,27.85,162.93,train_397
4,000011,412.57,408.75,train_397
10,000011,762.89,461.89,train_397
53,000011,848.85,23.14,train_397
39,000011,652.05,28.91,train_397
12,000011,1249.7,246.67,train_397
20,000011,77.91,4.17,train_397
27,000011,242.38,16.07,train_397
50,000011,819.62,15.78,train_397
52,000011,902.13,46.72,train_397
47,000011,1116.07,53.63,train_397
28,000011,427.23,42.48,train_397
29,000011,178.8,115.82,train_397
24,000011,152.55,33.46,train_397
2,000011,98.6,272.59,train_397
7,000011,378.34,521.79,train_397
30,000011,227.96,109.84,train_397
42,000011,713.74,48.9,train_397
46,000011,1093.78,36.49,train_397
9,000011,607.69,694.16,train_397
16,000011,402.46,271.03,train_397
13,000011,1003.78,112.7,train_397
34,000011,614.92,40.96,train_397
14,000011,510.91,248.33,train_397
49,000011,1184.24,38.62,train_397
5,000011,446.19,416.98,train_397
26,000011,212.85,16.64,train_397
56,000011,1228.75,190.24,train_397
32,000011,447.69,56.92,train_397
17,000011,336.24,162.74,train_397
55,000011,1257.27,279.31,train_397
6,000011,682.65,553.3,train_397
29,000012,178.62,115.61,train_397
34,000012,610.27,39.66,train_397
31,000012,267.48,100.07,train_397
38,000012,726.96,77.54,train_397
49,000012,1181.23,36.29,train_397
7,000012,342.37,527.51,train_397
9,000012,569.29,700.62,train_397
14,000012,496.84,259.19,train_397
4,000012,411.22,408.31,train_397
53,000012,838.48,24.39,train_397
51,000012,871.81,52.54,train_397
28,000012,434.36,44.72,train_397
57,000012,1252.62,153.8,train_397
24,000012,146.02,31.54,train_397
27,000012,232.82,14.31,train_397
39,000012,642.48,28.53,train_397
56,000012,1219.58,184.09,train_397
6,000012,695.71,546.21,train_397
17,000012,334.27,163.69,train_397
36,000012,589.36,33.43,train_397
47,000012,1118.46,48.67,train_397
18,000012,25.37,161.58,train_397
15,000012,335.15,270.32,train_397
2,000012,91.09,265.52,train_397
54,000012,1041.86,326.24,train_397
52,000012,899.26,49.92,train_397
12,000012,1261.84,249.92,train_397
50,000012,807.58,19.71,train_397
25,000012,183.27,28.85,train_397
23,000012,112.7,38.65,train_397
19,000012,34.43,18.38,train_397
37,000012,698.39,68.91,train_397
3,000012,162.81,301.67,train_397
16,000012,392.61,276.03,train_397
48,000012,1129.2,22.14,train_397
8,000012,611.51,484.35,train_397
30,000012,227.4,108.81,train_397
41,000012,695.81,30.39,train_397
10,000012,737.0,469.71,train_397
20,000012,70.88,0.96,train_397
5,000012,451.32,416.55,train_397
42,000012,706.52,49.1,train_397
46,000012,1097.87,33.22,train_397
32,000012,444.91,57.52,train_397
33,000012,456.18,60.5,train_397
13,000012,1014.43,109.16,train_397
26,000012,203.03,14.39,train_397
1,000012,44.0,325.7,train_397
55,000012,1254.65,285.72,train_397
40,000012,740.19,64.43,train_397
35,000012,594.76,4.08,train_397
4,000013,409.15,408.31,train_397
40,000013,739.97,64.84,train_397
54,000013,1015.68,317.96,train_397
38,000013,725.47,75.94,train_397
27,000013,223.1,11.78,train_397
37,000013,695.31,68.51,train_397
15,000013,322.16,273.07,train_397
28,000013,441.33,45.72,train_397
10,000013,704.35,473.56,train_397
3,000013,172.02,289.51,train_397
6,000013,707.66,537.98,train_397
51,000013,868.95,57.57,train_397
8,000013,585.86,500.15,train_397
56,000013,1211.71,176.33,train_397
55,000013,1252.34,293.39,train_397
57,000013,1240.74,146.9,train_397
13,000013,1022.14,105.13,train_397
17,000013,333.95,164.65,train_397
49,000013,1177.26,34.26,train_397
7,000013,308.87,539.38,train_397
9,000013,534.39,708.88,train_397
24,000013,141.47,28.84,train_397
30,000013,227.51,109.56,train_397
47,000013,1117.32,45.59,train_397
33,000013,450.56,57.9,train_397
12,000013,1271.02,253.8,train_397
35,000013,592.33,2.77,train_397
48,000013,1128.77,21.71,train_397
18,000013,25.37,162.09,train_397
34,000013,605.59,39.9,train_397
32,000013,442.62,57.11,train_397
53,000013,826.79,28.08,train_397
19,000013,28.64,15.33,train_397
20,000013,64.54,2.74,train_397
23,000013,102.23,35.71,train_397
25,000013,172.32,26.46,train_397
16,000013,386.06,282.21,train_397
29,000013,177.5,115.3,train_397
50,000013,794.58,20.71,train_397
36,000013,580.65,33.58,train_397
1,000013,39.71,314.95,train_397
26,000013,194.43,13.97,train_397
14,000013,481.66,269.22,train_397
52,000013,895.51,55.6,train_397
39,000013,632.19,28.88,train_397
5,000013,450.46,418.68,train_397
46,000013,1097.83,29.88,train_397
41,000013,687.83,30.2,train_397
42,000013,693.96,50.79,train_397
2,000013,92.66,254.53,train_397
31,000013,265.5,101.79,train_397
40,000014,739.53,64.84,train_397
51,000014,866.21,59.71,train_397
8,000014,562.14,512.72,train_397
16,000014,380.38,288.0,train_397
12,000014,1270.42,256.81,train_397
10,000014,677.82,477.73,train_397
41,000014,679.06,29.14,train_397
56,000014,1200.87,169.22,train_397
23,000014,93.56,32.98,train_397
58,000014,893.09,696.77,train_397
5,000014,451.37,420.55,train_397
36,000014,572.42,33.15,train_397
1,000014,42.9,304.87,train_397
6,000014,717.65,533.1,train_397
30,000014,226.22,109.82,train_397
28,000014,447.04,48.34,train_397
3,000014,173.39,276.72,train_397
27,000014,213.47,10.83,train_397
39,000014,620.87,24.98,train_397
15,000014,313.15,278.22,train_397
4,000014,406.54,410.39,train_397
37,000014,692.69,69.37,train_397
50,000014,783.94,22.03,train_397
38,000014,724.09,76.39,train_397
33,000014,446.85,58.31,train_397
52,000014,890.78,61.04,train_397
18,000014,24.91,161.41,train_397
48,000014,1126.0,19.47,train_397
7,000014,275.11,554.94,train_397
42,000014,683.7,50.98,train_397
29,000014,178.42,116.53,train_397
13,000014,1027.85,103.15,train_397
55,000014,1255.18,299.75,train_397
14,000014,466.05,279.34,train_397
34,000014,597.76,42.33,train_397
24,000014,134.24,25.32,train_397
17,000014,333.31,164.65,train_397
26,000014,185.19,11.95,train_397
57,000014,1235.24,142.77,train_397
31,000014,265.22,101.22,train_397
53,000014,814.69,28.53,train_397
54,000014,992.1,302.88,train_397
2,000014,96.58,246.14,train_397
35,000014,590.46,3.1,train_397
49,000014,1177.91,33.52,train_397
47,000014,1114.09,44.36,train_397
46,000014,1093.89,27.9,train_397
25,000014,163.4,24.82,train_397
29,000015,175.41,115.38,train_397
2,000015,102.85,236.08,train_397
12,000015,1264.61,260.67,train_397
26,000015,174.29,12.78,train_397
14,000015,450.35,292.08,train_397
57,000015,1235.03,136.74,train_397
39,000015,607.87,25.54,train_397
36,000015,563.1,32.79,train_397
48,000015,1124.93,19.04,train_397
53,000015,801.49,32.08,train_397
41,000015,669.68,28.19,train_397
17,000015,333.63,164.33,train_397
30,000015,224.85,109.55,train_397
1,000015,48.94,294.41,train_397
35,000015,586.79,3.57,train_397
28,000015,454.32,51.17,train_397
38,000015,722.91,77.12,train_397
58,000015,900.22,682.57,train_397
3,000015,174.21,271.3,train_397
42,000015,675.27,52.03,train_397
16,000015,368.39,291.47,train_397
40,000015,737.27,65.41,train_397
34,000015,589.03,43.5,train_397
6,000015,728.73,528.26,train_397
25,000015,155.25,23.37,train_397
55,000015,1255.47,306.69,train_397
54,000015,970.87,292.49,train_397
23,000015,87.45,30.4,train_397
50,000015,775.79,25.18,train_397
24,000015,124.99,25.53,train_397
52,000015,889.66,60.47,train_397
18,000015,23.1,161.97,train_397
7,000015,245.5,561.77,train_397
13,000015,1031.98,95.09,train_397
49,000015,1178.16,31.07,train_397
47,000015,1111.82,40.83,train_397
31,000015,262.27,102.08,train_397
10,000015,656.6,490.08,train_397
56,000015,1191.18,163.83,train_397
37,000015,689.95,70.25,train_397
5,000015,456.76,424.46,train_397
4,000015,406.13,410.07,train_397
27,000015,203.14,10.98,train_397
15,000015,305.75,284.08,train_397
8,000015,534.98,522.59,train_397
46,000015,1089.29,24.06,train_397
33,000015,443.64,58.6,train_397
51,000015,860.37,64.51,train_397
33,000016,441.59,57.57,train_397
16,000016,354.99,298.26,train_397
54,000016,951.47,282.19,train_397
7,000016,212.88,573.49,train_397
40,000016,736.85,66.64,train_397
3,000016,170.28,263.5,train_397
25,000016,144.49,22.91,train_397
46,000016,1087.5,20.48,train_397
50,000016,764.71,26.32,train_397
31,000016,263.7,103.51,train_397
18,000016,21.86,162.31,train_397
42,000016,665.17,51.84,train_397
13,000016,1036.71,92.37,train_397
36,000016,553.89,33.14,train_397
26,000016,164.45,13.35,train_397
30,000016,223.82,110.58,train_397
53,000016,788.85,32.66,train_397
48,000016,1124.71,19.47,train_397
2,000016,104.23,225.57,train_397
47,000016,1112.15,38.11,train_397
5,000016,464.09,424.83,train_397
12,000016,1259.15,263.97,train_397
1,000016,49.92,282.82,train_397
55,000016,1255.61,313.67,train_397
15,000016,298.21,292.66,train_397
51,000016,853.87,68.98,train_397
41,000016,661.83,29.13,train_397
37,000016,687.64,71.95,train_397
28,000016,464.39,52.98,train_397
6,000016,742.06,522.12,train_397
35,000016,581.76,3.72,train_397
17,000016,330.64,164.01,train_397
38,000016,721.55,76.43,train_397
58,000016,911.23,668.34,train_397
8,000016,508.39,534.7,train_397
39,000016,595.03,26.9,train_397
29,000016,174.27,115.67,train_397
27,000016,193.06,9.54,train_397
34,000016,578.57,45.47,train_397
4,000016,405.49,410.45,train_397
52,000016,887.75,65.88,train_397
10,000016,632.97,505.53,train_397
23,000016,83.0,26.92,train_397
24,000016,112.75,23.95,train_397
49,000016,1177.91,30.88,train_397
56,000016,1184.08,155.26,train_397
57,000016,1233.25,131.87,train_397
14,000016,435.94,302.52,train_397
31,000017,261.41,103.22,train_397
30,000017,224.22,110.23,train_397
51,000017,850.04,71.84,train_397
38,000017,719.94,76.89,train_397
18,000017,21.54,162.8,train_397
3,000017,169.83,252.53,train_397
55,000017,1253.86,319.26,train_397
5,000017,475.21,422.11,train_397
33,000017,441.81,57.59,train_397
26,000017,155.28,10.9,train_397
16,000017,338.07,300.41,train_397
25,000017,132.44,25.14,train_397
53,000017,778.19,33.7,train_397
8,000017,476.38,539.82,train_397
10,000017,607.6,516.72,train_397
49,000017,1178.47,30.72,train_397
35,000017,576.28,2.95,train_397
57,000017,1225.63,128.92,train_397
37,000017,685.21,73.16,train_397
28,000017,473.41,54.19,train_397
1,000017,49.18,274.15,train_397
27,000017,185.76,8.64,train_397
12,000017,1255.46,269.18,train_397
23,000017,77.86,24.99,train_397
58,000017,923.33,649.53,train_397
17,000017,330.96,163.06,train_397
14,000017,420.95,313.91,train_397
15,000017,293.59,300.73,train_397
52,000017,886.71,71.68,train_397
46,000017,1086.13,18.3,train_397
42,000017,655.29,52.01,train_397
24,000017,103.94,22.55,train_397
2,000017,103.81,221.32,train_397
40,000017,736.63,65.74,train_397
41,000017,650.81,29.29,train_397
4,000017,402.85,407.32,train_397
56,000017,1183.2,151.63,train_397
29,000017,174.84,115.95,train_397
34,000017,566.57,47.75,train_397
6,000017,751.03,521.58,train_397
47,000017,1111.2,36.56,train_397
48,000017,1124.71,19.9,train_397
13,000017,1043.51,89.45,train_397
50,000017,754.62,28.23,train_397
54,000017,931.28,268.79,train_397
36,000017,544.83,33.89,train_397
7,000017,179.0,581.51,train_397
39,000017,583.72,25.09,train_397
12,000018,1257.73,275.67,train_397
51,000018,848.74,76.62,train_397
27,000018,181.54,8.46,train_397
48,000018,1127.24,21.02,train_397
56,000018,1182.26,143.52,train_397
38,000018,719.25,76.89,train_397
29,000018,175.7,116.22,train_397
28,000018,481.05,57.24,train_397
14,000018,405.14,331.35,train_397
55,000018,1250.55,324.05,train_397
26,000018,149.05,9.85,train_397
23,000018,71.41,23.93,train_397
8,000018,449.51,551.86,train_397
37,000018,685.43,73.59,train_397
47,000018,1111.38,32.8,train_397
34,000018,553.27,45.97,train_397
41,000018,639.67,28.47,train_397
16,000018,325.06,306.37,train_397
13,000018,1051.94,83.25,train_397
5,000018,481.63,419.51,train_397
15,000018,285.39,306.6,train_397
58,000018,929.93,635.62,train_397
53,000018,766.51,37.0,train_397
31,000018,261.98,103.51,train_397
4,000018,409.42,402.75,train_397
49,000018,1181.13,30.52,train_397
50,000018,740.69,30.13,train_397
42,000018,648.09,51.48,train_397
46,000018,1087.85,15.7,train_397
17,000018,330.64,164.33,train_397
2,000018,101.02,213.3,train_397
54,000018,909.45,260.06,train_397
18,000018,21.77,164.83,train_397
10,000018,582.74,525.26,train_397
33,000018,442.52,60.67,train_397
3,000018,173.14,247.75,train_397
1,000018,47.24,266.25,train_397
39,000018,575.27,26.32,train_397
36,000018,534.88,34.83,train_397
57,000018,1216.93,123.87,train_397
52,000018,886.51,72.08,train_397
30,000018,223.45,111.78,train_397
7,000018,155.99,586.73,train_397
35,000018,572.43,1.94,train_397
6,000018,772.08,514.96,train_397
25,000018,117.92,24.99,train_397
40,000018,736.68,66.41,train_397
24,000018,99.0,22.41,train_397
52,000019,882.62,76.01,train_397
50,000019,727.21,30.02,train_397
42,000019,639.14,51.31,train_397
48,000019,1128.77,21.36,train_397
15,000019,271.06,311.9,train_397
7,000019,138.81,599.17,train_397
31,000019,263.32,103.08,train_397
35,000019,568.77,2.17,train_397
2,000019,102.07,204.8,train_397
17,000019,330.64,164.65,train_397
56,000019,1178.55,137.78,train_397
49,000019,1183.72,30.45,train_397
54,000019,890.46,247.43,train_397
18,000019,21.2,164.84,train_397
40,000019,735.53,66.41,train_397
8,000019,425.99,570.78,train_397
26,000019,144.73,8.53,train_397
58,000019,934.79,623.77,train_397
14,000019,387.95,339.64,train_397
53,000019,754.5,37.54,train_397
25,000019,104.89,26.39,train_397
55,000019,1249.27,331.24,train_397
10,000019,552.19,534.25,train_397
29,000019,175.48,117.34,train_397
41,000019,628.89,28.35,train_397
4,000019,414.34,402.72,train_397
12,000019,1264.89,279.08,train_397
16,000019,312.97,315.57,train_397
38,000019,718.49,78.29,train_397
28,000019,487.63,60.54,train_397
36,000019,524.78,34.6,train_397
37,000019,687.48,72.34,train_397
47,000019,1107.91,31.07,train_397
13,000019,1055.95,79.45,train_397
33,000019,442.01,60.41,train_397
24,000019,94.04,20.04,train_397
5,000019,484.02,423.23,train_397
51,000019,850.27,78.94,train_397
57,000019,1209.91,116.9,train_397
1,000019,49.28,259.61,train_397
23,000019,66.82,22.47,train_397
34,000019,541.23,44.62,train_397
6,000019,787.98,513.22,train_397
39,000019,568.95,25.85,train_397
30,000019,223.7,112.55,train_397
3,000019,177.15,235.96,train_397
46,000019,1086.78,11.39,train_397
27,000019,176.42,6.44,train_397
30,000020,223.96,112.81,train_397
47,000020,1103.86,27.86,train_397
52,000020,876.78,81.84,train_397
56,000020,1174.87,131.46,train_397
50,000020,716.83,32.82,train_397
16,000020,309.03,322.62,train_397
28,000020,492.8,62.78,train_397
1,000020,58.57,250.76,train_397
33,000020,442.27,61.95,train_397
60,000020,905.93,1.08,train_397
18,000020,21.43,164.84,train_397
51,000020,849.98,83.63,train_397
14,000020,372.97,354.15,train_397
48,000020,1131.26,23.06,train_397
25,000020,95.28,26.85,train_397
12,000020,1270.61,285.67,train_397
4,000020,414.29,403.63,train_397
39,000020,562.2,24.08,train_397
24,000020,86.24,18.94,train_397
35,000020,567.82,2.25,train_397
31,000020,263.38,103.02,train_397
34,000020,527.24,45.99,train_397
46,000020,1084.32,9.6,train_397
7,000020,131.61,616.53,train_397
17,000020,331.1,164.26,train_397
15,000020,254.77,314.18,train_397
53,000020,745.13,38.94,train_397
8,000020,396.32,582.57,train_397
26,000020,137.61,6.03,train_397
37,000020,688.47,70.73,train_397
29,000020,175.23,117.34,train_397
2,000020,104.56,198.36,train_397
54,000020,872.19,238.59,train_397
49,000020,1185.83,32.93,train_397
3,000020,176.82,226.68,train_397
59,000020,851.75,2.47,train_397
40,000020,735.75,66.64,train_397
38,000020,713.7,77.51,train_397
42,000020,630.26,47.22,train_397
41,000020,618.67,29.05,train_397
55,000020,1248.92,341.39,train_397
5,000020,485.29,421.12,train_397
10,000020,524.28,544.0,train_397
57,000020,1211.39,112.54,train_397
13,000020,1056.75,76.65,train_397
58,000020,939.26,610.43,train_397
36,000020,513.98,33.79,train_397
6,000020,800.42,506.26,train_397
27,000020,172.12,5.25,train_397
53,000021,730.65,41.03,train_397
26,000021,129.54,5.53,train_397
15,000021,241.85,316.41,train_397
50,000021,705.38,33.66,train_397
60,000021,902.46,4.65,train_397
6,000021,808.47,501.77,train_397
48,000021,1133.61,24.38,train_397
37,000021,690.19,70.43,train_397
10,000021,502.59,556.04,train_397
59,000021,844.38,2.61,train_397
2,000021,106.8,190.47,train_397
31,000021,265.17,103.53,train_397
41,000021,607.59,26.7,train_397
34,000021,514.25,44.55,train_397
18,000021,21.2,163.93,train_397
52,000021,873.3,83.83,train_397
14,000021,357.0,370.02,train_397
16,000021,298.49,329.24,train_397
8,000021,365.81,593.45,train_397
40,000021,735.08,67.08,train_397
1,000021,62.04,237.06,train_397
42,000021,621.61,44.55,train_397
39,000021,557.11,22.84,train_397
58,000021,940.01,597.03,train_397
5,000021,484.45,422.39,train_397
24,000021,74.52,20.6,train_397
30,000021,222.93,111.26,train_397
54,000021,855.03,229.41,train_397
38,000021,711.67,79.32,train_397
28,000021,500.61,65.61,train_397
49,000021,1188.58,32.47,train_397
17,000021,330.78,165.21,train_397
47,000021,1100.54,26.11,train_397
29,000021,174.97,118.11,train_397
56,000021,1173.6,125.02,train_397
25,000021,85.17,25.19,train_397
7,000021,118.65,632.49,train_397
13,000021,1059.91,72.18,train_397
36,000021,502.51,34.62,train_397
27,000021,166.19,4.57,train_397
4,000021,413.66,405.64,train_397
57,000021,1217.0,110.91,train_397
33,000021,440.73,60.41,train_397
12,000021,1268.09,290.5,train_397
61,000021,880.45,1.74,train_397
55,000021,1249.42,344.94,train_397
3,000021,174.22,223.41,train_397
35,000021,566.41,1.99,train_397
46,000021,1079.76,5.33,train_397
51,000021,845.58,88.29,train_397
36,000022,490.21,33.46,train_397
59,000022,836.79,1.74,train_397
56,000022,1177.37,120.95,train_397
4,000022,417.34,404.18,train_397
40,000022,736.56,66.0,train_397
50,000022,694.23,34.66,train_397
58,000022,943.51,578.43,train_397
1,000022,62.44,230.23,train_397
42,000022,610.99,44.91,train_397
26,000022,120.24,7.04,train_397
29,000022,175.23,117.34,train_397
39,000022,552.06,24.55,train_397
15,000022,230.73,320.66,train_397
30,000022,224.22,111.52,train_397
16,000022,287.58,332.91,train_397
5,000022,484.34,420.73,train_397
33,000022,441.55,59.94,train_397
41,000022,597.78,26.9,train_397
34,000022,501.91,46.31,train_397
57,000022,1226.51,105.0,train_397
47,000022,1099.77,24.75,train_397
51,000022,842.12,91.03,train_397
25,000022,78.68,24.47,train_397
10,000022,481.63,574.34,train_397
31,000022,264.11,102.74,train_397
27,000022,160.82,3.59,train_397
18,000022,22.08,164.16,train_397
6,000022,819.72,493.31,train_397
7,000022,93.74,650.72,train_397
61,000022,881.4,4.16,train_397
38,000022,711.44,79.09,train_397
54,000022,838.98,219.35,train_397
35,000022,565.56,0.92,train_397
53,000022,719.31,40.46,train_397
49,000022,1190.19,32.25,train_397
46,000022,1079.98,1.26,train_397
52,000022,873.45,88.41,train_397
60,000022,899.57,5.76,train_397
55,000022,1247.03,350.74,train_397
28,000022,507.51,68.15,train_397
14,000022,343.05,383.13,train_397
37,000022,692.31,70.59,train_397
2,000022,104.0,183.73,train_397
3,000022,168.26,214.83,train_397
17,000022,330.1,165.9,train_397
12,000022,1261.98,293.51,train_397
13,000022,1064.19,68.34,train_397
48,000022,1140.07,24.89,train_397
8,000022,336.31,600.17,train_397
47,000023,1102.75,21.97,train_397
25,000023,69.35,23.69,train_397
54,000023,820.68,211.57,train_397
1,000023,60.42,222.86,train_397
59,000023,828.78,2.17,train_397
16,000023,274.12,337.55,train_397
49,000023,1190.66,32.01,train_397
55,000023,1241.4,356.46,train_397
57,000023,1230.9,100.44,train_397
17,000023,331.62,164.68,train_397
2,000023,100.22,179.33,train_397
28,000023,514.21,67.72,train_397
42,000023,598.35,42.44,train_397
10,000023,453.77,588.13,train_397
50,000023,681.82,38.59,train_397
51,000023,837.48,96.3,train_397
37,000023,692.55,70.59,train_397
36,000023,479.84,33.02,train_397
41,000023,586.1,26.9,train_397
60,000023,896.06,6.18,train_397
4,000023,417.35,402.54,train_397
12,000023,1256.69,294.92,train_397
6,000023,826.27,481.98,train_397
31,000023,265.9,102.23,train_397
61,000023,879.51,4.97,train_397
56,000023,1183.03,114.95,train_397
13,000023,1070.79,63.27,train_397
53,000023,705.79,41.37,train_397
26,000023,108.12,6.64,train_397
46,000023,1082.89,1.49,train_397
8,000023,305.08,607.95,train_397
18,000023,22.3,164.61,train_397
52,000023,875.04,96.25,train_397
29,000023,176.98,116.56,train_397
27,000023,155.08,1.96,train_397
39,000023,546.92,24.35,train_397
38,000023,712.86,78.47,train_397
33,000023,440.78,58.66,train_397
15,000023,221.5,327.15,train_397
7,000023,65.07,671.44,train_397
14,000023,327.13,403.64,train_397
5,000023,484.75,420.73,train_397
35,000023,566.33,0.99,train_397
58,000023,948.67,567.92,train_397
30,000023,224.48,111.01,train_397
48,000023,1148.88,24.83,train_397
34,000023,486.34,45.37,train_397
3,000023,166.47,207.78,train_397
40,000023,737.76,66.35,train_397
49,000024,1191.47,30.47,train_397
17,000024,331.31,164.68,train_397
36,000024,466.7,33.18,train_397
10,000024,428.23,598.1,train_397
37,000024,694.42,69.66,train_397
16,000024,261.58,339.02,train_397
28,000024,518.03,71.37,train_397
26,000024,99.92,4.14,train_397
61,000024,873.87,8.73,train_397
57,000024,1232.22,99.4,train_397
18,000024,23.57,163.55,train_397
35,000024,566.67,0.66,train_397
58,000024,954.99,556.8,train_397
53,000024,694.39,42.53,train_397
50,000024,669.33,39.25,train_397
27,000024,150.93,0.86,train_397
41,000024,574.08,25.57,train_397
54,000024,804.2,201.81,train_397
46,000024,1088.06,0.58,train_397
31,000024,265.41,102.19,train_397
59,000024,819.57,1.16,train_397
2,000024,97.28,171.25,train_397
60,000024,892.64,9.25,train_397
1,000024,62.18,213.42,train_397
4,000024,423.47,402.39,train_397
52,000024,877.46,97.99,train_397
6,000024,834.75,476.18,train_397
42,000024,587.12,39.28,train_397
48,000024,1157.35,23.63,train_397
55,000024,1233.09,358.88,train_397
14,000024,310.78,416.43,train_397
40,000024,739.2,64.22,train_397
34,000024,473.9,42.49,train_397
13,000024,1074.61,59.71,train_397
30,000024,224.59,111.09,train_397
29,000024,175.7,115.79,train_397
8,000024,277.38,619.17,train_397
38,000024,713.62,78.13,train_397
12,000024,1250.81,298.37,train_397
25,000024,64.51,21.53,train_397
15,000024,213.06,333.92,train_397
3,000024,168.71,201.7,train_397
47,000024,1106.28,17.45,train_397
39,000024,539.31,23.18,train_397
56,000024,1184.23,114.31,train_397
51,000024,836.07,100.46,train_397
33,000024,440.32,57.96,train_397
7,000024,30.5,685.72,train_397
5,000024,483.11,421.96,train_397
33,000025,439.78,61.39,train_397
57,000025,1233.66,91.43,train_397
1,000025,66.55,207.2,train_397
25,000025,62.98,19.88,train_397
61,000025,866.38,8.77,train_397
6,000025,843.6,469.46,train_397
8,000025,254.21,639.18,train_397
18,000025,24.44,162.46,train_397
14,000025,295.96,432.64,train_397
54,000025,789.56,194.24,train_397
26,000025,93.73,3.38,train_397
52,000025,874.98,100.06,train_397
56,000025,1188.06,105.79,train_397
53,000025,682.34,43.01,train_397
7,000025,2.11,705.26,train_397
40,000025,739.2,63.68,train_397
49,000025,1193.19,29.43,train_397
41,000025,563.18,24.76,train_397
48,000025,1160.92,23.53,train_397
16,000025,251.94,342.97,train_397
12,000025,1246.08,302.73,train_397
59,000025,810.01,0.58,train_397
60,000025,889.61,10.28,train_397
42,000025,577.07,38.51,train_397
15,000025,203.89,339.7,train_397
55,000025,1227.53,361.37,train_397
37,000025,695.93,70.59,train_397
36,000025,452.82,31.19,train_397
2,000025,98.79,162.48,train_397
39,000025,530.65,22.99,train_397
34,000025,458.85,43.39,train_397
51,000025,835.16,104.34,train_397
4,000025,422.03,400.74,train_397
47,000025,1108.66,16.14,train_397
10,000025,396.74,609.41,train_397
13,000025,1074.64,56.14,train_397
5,000025,479.82,420.32,train_397
50,000025,659.35,39.94,train_397
29,000025,177.15,114.6,train_397
38,000025,716.48,76.77,train_397
17,000025,331.65,163.52,train_397
3,000025,166.97,191.63,train_397
58,000025,963.9,544.0,train_397
31,000025,266.94,99.63,train_397
24,000025,42.89,14.86,train_397
30,000025,225.09,109.73,train_397
28,000025,523.41,76.37,train_397
33,000026,437.99,63.35,train_397
15,000026,194.55,343.5,train_397
4,000026,421.56,401.39,train_397
55,000026,1225.57,362.18,train_397
61,000026,859.35,8.87,train_397
42,000026,563.18,35.72,train_397
18,000026,24.35,161.74,train_397
30,000026,225.09,107.66,train_397
31,000026,265.41,98.75,train_397
28,000026,528.37,77.73,train_397
25,000026,62.83,16.19,train_397
41,000026,551.76,24.06,train_397
26,000026,87.56,0.66,train_397
52,000026,870.8,107.92,train_397
12,000026,1248.01,310.16,train_397
37,000026,695.11,69.73,train_397
50,000026,648.46,42.56,train_397
56,000026,1195.18,101.52,train_397
24,000026,35.13,11.89,train_397
29,000026,176.38,113.83,train_397
38,000026,719.35,76.03,train_397
1,000026,72.88,197.29,train_397
14,000026,282.3,453.73,train_397
62,000026,447.26,54.74,train_397
16,000026,243.67,348.6,train_397
13,000026,1075.14,48.63,train_397
59,000026,801.27,0.58,train_397
36,000026,441.75,30.12,train_397
39,000026,521.67,19.37,train_397
3,000026,162.06,185.17,train_397
63,000026,910.6,2.86,train_397
53,000026,673.87,44.06,train_397
57,000026,1241.06,85.84,train_397
47,000026,1110.12,11.64,train_397
2,000026,101.84,156.03,train_397
17,000026,331.65,162.0,train_397
8,000026,222.4,653.73,train_397
60,000026,884.21,12.67,train_397
54,000026,777.09,184.06,train_397
49,000026,1191.44,28.66,train_397
34,000026,442.65,42.78,train_397
51,000026,830.69,109.02,train_397
5,000026,477.09,417.81,train_397
6,000026,852.31,462.24,train_397
48,000026,1161.28,23.4,train_397
40,000026,740.82,62.67,train_397
10,000026,365.53,621.04,train_397
58,000026,966.53,531.37,train_397
60,000027,875.25,13.59,train_397
54,000027,765.53,174.21,train_397
36,000027,429.6,28.43,train_397
53,000027,664.57,45.94,train_397
39,000027,512.45,17.87,train_397
62,000027,448.11,52.4,train_397
5,000027,474.24,419.82,train_397
4,000027,421.32,399.81,train_397
16,000027,236.16,355.01,train_397
18,000027,24.46,160.05,train_397
57,000027,1250.12,85.43,train_397
31,000027,265.92,99.52,train_397
64,000027,930.38,1.11,train_397
24,000027,25.98,8.7,train_397
13,000027,1076.41,44.55,train_397
8,000027,191.11,667.86,train_397
56,000027,1206.19,96.98,train_397
50,000027,636.81,43.66,train_397
30,000027,224.76,108.37,train_397
28,000027,533.32,80.61,train_397
40,000027,740.49,61.75,train_397
1,000027,74.74,189.32,train_397
49,000027,1190.41,29.52,train_397
42,000027,548.7,32.9,train_397
41,000027,540.33,21.24,train_397
15,000027,186.75,348.63,train_397
51,000027,825.45,112.08,train_397
6,000027,864.73,456.81,train_397
10,000027,336.39,635.08,train_397
14,000027,270.58,471.53,train_397
3,000027,155.89,183.3,train_397
61,000027,852.22,12.18,train_397
12,000027,1248.24,313.0,train_397
47,000027,1114.48,7.64,train_397
33,000027,437.5,64.17,train_397
34,000027,427.82,40.43,train_397
29,000027,175.76,113.19,train_397
52,000027,865.04,110.51,train_397
63,000027,910.86,5.34,train_397
48,000027,1159.71,23.4,train_397
38,000027,723.78,75.08,train_397
55,000027,1226.38,362.18,train_397
17,000027,331.25,160.92,train_397
58,000027,966.84,521.24,train_397
37,000027,693.07,68.91,train_397
2,000027,102.68,146.99,train_397
38,000028,727.93,73.36,train_397
33,000028,436.08,67.17,train_397
34,000028,413.16,41.92,train_397
37,000028,691.72,68.0,train_397
8,000028,162.47,678.25,train_397
58,000028,967.16,510.83,train_397
5,000028,469.74,420.63,train_397
56,000028,1214.09,94.41,train_397
66,000028,1242.97,432.97,train_397
62,000028,444.82,51.58,train_397
52,000028,861.12,115.09,train_397
57,000028,1262.64,82.19,train_397
39,000028,502.67,18.23,train_397
13,000028,1079.4,41.1,train_397
40,000028,739.19,61.75,train_397
14,000028,258.05,494.73,train_397
28,000028,539.44,86.28,train_397
54,000028,752.01,167.16,train_397
64,000028,930.83,1.55,train_397
30,000028,225.28,107.07,train_397
60,000028,863.06,14.51,train_397
50,000028,626.19,47.62,train_397
1,000028,72.26,182.04,train_397
12,000028,1240.07,315.75,train_397
55,000028,1230.05,368.15,train_397
49,000028,1190.93,27.72,train_397
51,000028,822.29,117.06,train_397
4,000028,417.4,399.32,train_397
63,000028,908.89,6.26,train_397
65,000028,20.85,566.6,train_397
42,000028,535.68,34.91,train_397
15,000028,172.88,355.35,train_397
41,000028,529.22,21.17,train_397
48,000028,1159.12,23.4,train_397
18,000028,22.07,160.7,train_397
17,000028,328.83,159.7,train_397
6,000028,874.18,451.88,train_397
16,000028,226.66,360.84,train_397
10,000028,309.48,658.93,train_397
47,000028,1119.69,6.54,train_397
53,000028,655.9,48.4,train_397
3,000028,147.8,176.02,train_397
36,000028,416.08,26.97,train_397
61,000028,847.06,11.98,train_397
29,000028,176.02,112.94,train_397
31,000028,263.62,98.75,train_397
2,000028,100.34,142.6,train_397
1,000029,71.83,174.22,train_397
30,000029,225.8,107.85,train_397
64,000029,931.45,3.74,train_397
14,000029,243.17,518.44,train_397
61,000029,837.35,14.07,train_397
3,000029,143.24,170.28,train_397
8,000029,124.8,688.64,train_397
28,000029,542.23,87.41,train_397
4,000029,417.07,399.9,train_397
6,000029,882.95,445.45,train_397
63,000029,906.59,7.7,train_397
62,000029,441.14,51.2,train_397
38,000029,728.67,73.59,train_397
53,000029,647.12,50.17,train_397
52,000029,856.29,122.21,train_397
18,000029,22.5,160.27,train_397
36,000029,402.48,26.49,train_397
51,000029,822.13,123.87,train_397
16,000029,218.86,364.52,train_397
49,000029,1189.94,28.75,train_397
42,000029,521.9,34.55,train_397
56,000029,1219.29,91.25,train_397
60,000029,853.71,15.87,train_397
15,000029,155.42,358.45,train_397
13,000029,1081.52,36.27,train_397
12,000029,1232.01,318.57,train_397
55,000029,1235.7,373.7,train_397
25,000029,49.87,8.92,train_397
17,000029,328.52,160.61,train_397
54,000029,738.39,156.8,train_397
48,000029,1158.73,22.41,train_397
10,000029,277.91,676.02,train_397
65,000029,51.55,546.62,train_397
31,000029,264.13,99.52,train_397
33,000029,431.06,67.91,train_397
5,000029,465.6,420.01,train_397
2,000029,97.38,138.09,train_397
58,000029,967.94,499.43,train_397
29,000029,175.61,112.83,train_397
37,000029,691.91,67.34,train_397
57,000029,1269.97,78.17,train_397
39,000029,491.94,17.62,train_397
47,000029,1126.68,3.77,train_397
40,000029,737.96,60.65,train_397
41,000029,517.93,22.67,train_397
50,000029,613.07,50.59,train_397
67,000029,4.43,568.08,train_397
34,000029,397.12,40.77,train_397
66,000029,1215.81,421.08,train_397
37,000030,691.46,68.03,train_397
13,000030,1082.84,33.46,train_397
64,000030,931.96,6.79,train_397
31,000030,263.62,98.5,train_397
47,000030,1131.68,0.46,train_397
34,000030,382.53,39.53,train_397
54,000030,727.11,152.99,train_397
39,000030,481.57,17.4,train_397
67,000030,32.82,545.61,train_397
38,000030,729.85,72.58,train_397
18,000030,21.9,160.19,train_397
61,000030,827.09,15.82,train_397
30,000030,225.8,106.03,train_397
52,000030,855.08,126.63,train_397
10,000030,246.97,684.89,train_397
66,000030,1190.56,410.29,train_397
33,000030,422.78,68.96,train_397
62,000030,435.0,52.21,train_397
14,000030,229.75,541.54,train_397
15,000030,141.61,363.98,train_397
49,000030,1188.65,28.23,train_397
56,000030,1224.56,87.31,train_397
4,000030,415.12,400.39,train_397
28,000030,543.7,95.4,train_397
16,000030,209.21,368.03,train_397
5,000030,462.25,420.83,train_397
6,000030,888.51,442.15,train_397
8,000030,90.52,700.96,train_397
50,000030,601.43,52.61,train_397
36,000030,389.27,29.53,train_397
53,000030,636.57,55.88,train_397
60,000030,845.24,19.78,train_397
42,000030,508.76,33.73,train_397
29,000030,175.61,113.1,train_397
17,000030,323.95,159.92,train_397
12,000030,1217.39,319.57,train_397
69,000030,1271.1,237.3,train_397
63,000030,905.87,10.12,train_397
55,000030,1245.53,376.8,train_397
57,000030,1273.57,77.23,train_397
48,000030,1159.51,23.59,train_397
58,000030,969.46,489.88,train_397
41,000030,504.42,21.09,train_397
51,000030,820.9,127.96,train_397
68,000030,852.24,1.02,train_397
25,000030,44.92,4.61,train_397
3,000030,143.37,165.88,train_397
1,000030,76.58,170.34,train_397
65,000030,76.09,522.55,train_397
2,000030,97.45,131.99,train_397
40,000030,738.74,60.39,train_397
50,000031,593.31,57.25,train_397
18,000031,23.43,160.19,train_397
39,000031,468.48,18.34,train_397
1,000031,84.34,160.7,train_397
64,000031,936.3,7.91,train_397
31,000031,263.88,97.83,train_397
8,000031,54.13,710.55,train_397
15,000031,134.87,369.37,train_397
14,000031,218.78,564.12,train_397
47,000031,1135.02,0.48,train_397
56,000031,1233.98,82.47,train_397
60,000031,835.74,19.77,train_397
2,000031,103.61,125.55,train_397
68,000031,841.48,1.66,train_397
55,000031,1251.13,379.73,train_397
28,000031,546.04,100.15,train_397
29,000031,175.34,113.37,train_397
16,000031,198.9,370.24,train_397
53,000031,626.67,57.9,train_397
57,000031,1277.0,70.84,train_397
49,000031,1189.68,28.75,train_397
5,000031,463.89,419.19,train_397
4,000031,415.86,400.66,train_397
17,000031,320.94,162.33,train_397
13,000031,1080.32,28.79,train_397
51,000031,817.39,134.07,train_397
58,000031,971.38,480.85,train_397
41,000031,493.79,21.3,train_397
30,000031,225.28,107.45,train_397
37,000031,692.82,67.57,train_397
12,000031,1207.14,319.23,train_397
54,000031,716.55,143.38,train_397
33,000031,413.03,66.13,train_397
34,000031,367.22,39.62,train_397
62,000031,429.62,54.48,train_397
3,000031,140.14,158.31,train_397
38,000031,730.09,72.58,train_397
69,000031,1263.62,230.26,train_397
42,000031,496.52,33.53,train_397
25,000031,41.38,1.52,train_397
10,000031,217.94,692.81,train_397
61,000031,815.63,15.4,train_397
48,000031,1160.5,22.61,train_397
6,000031,894.18,434.1,train_397
67,000031,64.15,527.28,train_397
66,000031,1159.89,405.65,train_397
36,000031,376.97,27.49,train_397
52,000031,852.9,129.19,train_397
65,000031,102.42,502.57,train_397
63,000031,907.23,12.83,train_397
40,000031,739.52,61.17,train_397
2,000032,110.35,118.38,train_397
42,000032,482.76,31.4,train_397
39,000032,455.53,15.01,train_397
69,000032,1255.86,226.41,train_397
31,000032,264.36,97.29,train_397
37,000032,692.65,67.77,train_397
41,000032,482.71,21.25,train_397
66,000032,1132.15,395.81,train_397
30,000032,225.54,105.63,train_397
6,000032,891.83,425.73,train_397
10,000032,184.02,699.9,train_397
15,000032,128.34,377.49,train_397
5,000032,464.28,420.37,train_397
50,000032,584.86,59.77,train_397
18,000032,22.99,158.97,train_397
28,000032,548.04,103.32,train_397
68,000032,831.84,2.86,train_397
3,000032,136.18,153.71,train_397
63,000032,908.1,13.53,train_397
48,000032,1160.39,22.19,train_397
67,000032,95.59,511.53,train_397
55,000032,1251.49,383.11,train_397
12,000032,1198.02,323.0,train_397
64,000032,938.0,8.37,train_397
60,000032,825.55,21.24,train_397
49,000032,1190.2,29.26,train_397
4,000032,414.55,399.92,train_397
56,000032,1244.46,81.78,train_397
14,000032,212.77,585.56,train_397
71,000032,1271.45,421.74,train_397
53,000032,615.89,60.96,train_397
29,000032,176.14,111.79,train_397
54,000032,704.04,136.16,train_397
52,000032,848.03,137.4,train_397
70,000032,1274.78,258.79,train_397
34,000032,352.6,37.51,train_397
1,000032,88.0,151.29,train_397
40,000032,738.48,60.13,train_397
38,000032,729.39,72.58,train_397
36,000032,364.83,28.08,train_397
61,000032,806.7,16.79,train_397
16,000032,187.81,372.44,train_397
65,000032,132.84,489.35,train_397
13,000032,1079.35,25.22,train_397
33,000032,404.07,64.05,train_397
58,000032,976.24,473.09,train_397
17,000032,315.97,165.55,train_397
62,000032,426.62,58.16,train_397
51,000032,812.21,139.02,train_397
61,000033,797.91,18.46,train_397
14,000033,205.17,608.27,train_397
62,000033,420.36,58.41,train_397
13,000033,1082.65,22.78,train_397
28,000033,551.81,109.93,train_397
72,000033,1265.58,470.29,train_397
5,000033,463.46,419.96,train_397
38,000033,729.88,72.7,train_397
3,000033,129.56,149.83,train_397
10,000033,149.28,708.12,train_397
68,000033,819.29,5.67,train_397
15,000033,124.89,386.06,train_397
60,000033,814.96,21.65,train_397
30,000033,226.35,106.32,train_397
70,000033,1269.71,250.42,train_397
52,000033,842.89,142.18,train_397
41,000033,470.74,18.32,train_397
6,000033,890.84,415.86,train_397
2,000033,113.14,112.89,train_397
40,000033,738.74,59.12,train_397
42,000033,472.52,31.61,train_397
69,000033,1252.69,216.91,train_397
1,000033,90.78,147.15,train_397
50,000033,575.6,63.9,train_397
65,000033,164.18,472.17,train_397
39,000033,445.18,15.8,train_397
48,000033,1163.18,21.0,train_397
12,000033,1196.32,325.82,train_397
31,000033,265.38,96.53,train_397
29,000033,175.87,110.73,train_397
55,000033,1246.65,387.21,train_397
18,000033,24.9,158.58,train_397
71,000033,1246.63,411.44,train_397
36,000033,350.0,26.76,train_397
66,000033,1107.42,385.02,train_397
37,000033,694.58,66.04,train_397
54,000033,693.07,130.08,train_397
17,000033,312.96,167.5,train_397
53,000033,608.73,64.83,train_397
34,000033,340.99,37.47,train_397
67,000033,124.25,492.46,train_397
33,000033,397.13,61.98,train_397
49,000033,1191.95,27.72,train_397
4,000033,412.67,397.58,train_397
56,000033,1253.02,77.49,train_397
51,000033,807.72,142.11,train_397
58,000033,983.91,465.04,train_397
64,000033,939.25,10.73,train_397
16,000033,179.63,378.09,train_397
63,000033,908.16,15.1,train_397
42,000034,462.06,32.03,train_397
30,000034,227.52,104.69,train_397
2,000034,114.51,108.83,train_397
41,000034,460.0,18.74,train_397
6,000034,887.15,409.24,train_397
71,000034,1214.59,406.88,train_397
62,000034,415.83,60.28,train_397
33,000034,387.88,63.83,train_397
48,000034,1163.47,21.71,train_397
31,000034,264.95,96.37,train_397
58,000034,989.1,459.52,train_397
34,000034,327.6,36.16,train_397
66,000034,1086.44,375.55,train_397
37,000034,694.81,65.36,train_397
64,000034,938.15,14.38,train_397
4,000034,414.55,396.65,train_397
16,000034,172.3,386.63,train_397
63,000034,906.22,17.12,train_397
1,000034,91.68,138.2,train_397
15,000034,118.47,392.03,train_397
28,000034,552.71,113.75,train_397
72,000034,1227.73,452.38,train_397
18,000034,23.79,158.43,train_397
52,000034,840.47,146.57,train_397
60,000034,801.81,20.33,train_397
55,000034,1246.87,393.68,train_397
56,000034,1259.51,75.16,train_397
5,000034,465.51,419.96,train_397
14,000034,192.27,634.45,train_397
61,000034,788.31,16.95,train_397
12,000034,1195.03,331.51,train_397
53,000034,601.21,70.1,train_397
40,000034,739.8,59.34,train_397
51,000034,802.32,149.0,train_397
38,000034,731.2,72.02,train_397
69,000034,1242.82,211.47,train_397
70,000034,1263.04,244.48,train_397
13,000034,1087.19,17.76,train_397
39,000034,430.11,16.05,train_397
36,000034,338.74,21.7,train_397
67,000034,151.94,474.54,train_397
68,000034,806.7,3.4,train_397
17,000034,308.54,167.89,train_397
50,000034,566.63,66.7,train_397
65,000034,190.74,451.72,train_397
49,000034,1191.21,27.72,train_397
3,000034,123.52,142.46,train_397
54,000034,681.7,122.24,train_397
29,000034,175.61,109.96,train_397
16,000035,162.14,395.1,train_397
63,000035,904.51,17.92,train_397
70,000035,1257.31,239.67,train_397
58,000035,992.37,452.87,train_397
54,000035,671.7,115.95,train_397
67,000035,175.28,460.35,train_397
65,000035,213.8,438.67,train_397
30,000035,227.52,103.13,train_397
38,000035,730.96,71.31,train_397
17,000035,305.06,167.49,train_397
72,000035,1192.55,444.19,train_397
5,000035,465.09,416.79,train_397
2,000035,115.81,101.9,train_397
40,000035,739.8,58.29,train_397
33,000035,375.97,65.03,train_397
52,000035,838.08,154.78,train_397
61,000035,777.84,18.09,train_397
41,000035,447.53,20.42,train_397
66,000035,1065.16,364.59,train_397
39,000035,416.09,12.57,train_397
73,000035,636.72,697.86,train_397
60,000035,789.4,22.14,train_397
14,000035,179.6,658.81,train_397
31,000035,264.8,94.08,train_397
42,000035,449.19,29.58,train_397
71,000035,1187.68,402.06,train_397
29,000035,175.0,107.39,train_397
53,000035,590.16,75.74,train_397
6,000035,885.92,403.51,train_397
56,000035,1263.87,69.84,train_397
13,000035,1086.72,14.76,train_397
64,000035,935.39,15.49,train_397
49,000035,1191.44,26.49,train_397
50,000035,556.13,69.5,train_397
48,000035,1163.46,20.69,train_397
28,000035,549.27,119.57,train_397
12,000035,1193.56,335.07,train_397
68,000035,791.09,4.68,train_397
3,000035,121.68,139.04,train_397
34,000035,313.99,32.06,train_397
4,000035,418.22,395.99,train_397
51,000035,801.08,153.88,train_397
1,000035,92.9,130.7,train_397
36,000035,327.07,21.85,train_397
18,000035,25.03,156.76,train_397
37,000035,694.63,64.13,train_397
69,000035,1235.18,203.91,train_397
62,000035,410.72,60.02,train_397
55,000035,1244.61,399.35,train_397
15,000035,109.38,397.57,train_397
38,000036,729.27,71.7,train_397
31,000036,265.05,94.59,train_397
29,000036,172.62,106.72,train_397
36,000036,312.68,22.15,train_397
41,000036,436.84,16.78,train_397
18,000036,24.84,156.24,train_397
66,000036,1043.63,352.66,train_397
69,000036,1224.84,196.68,train_397
51,000036,794.63,161.98,train_397
62,000036,404.43,61.06,train_397
52,000036,837.24,158.98,train_397
39,000036,403.3,14.21,train_397
13,000036,1086.97,11.27,train_397
56,000036,1270.53,66.15,train_397
70,000036,1248.45,233.67,train_397
50,000036,548.33,76.06,train_397
48,000036,1163.87,20.69,train_397
58,000036,994.3,449.61,train_397
28,000036,546.52,125.65,train_397
74,000036,878.18,1.14,train_397
63,000036,903.58,18.29,train_397
16,000036,157.8,401.49,train_397
33,000036,366.2,64.69,train_397
2,000036,121.2,95.55,train_397
6,000036,886.58,398.43,train_397
60,000036,776.66,23.42,train_397
73,000036,657.69,671.5,train_397
53,000036,580.34,79.3,train_397
67,000036,195.69,441.16,train_397
12,000036,1191.86,339.02,train_397
55,000036,1246.74,407.81,train_397
71,000036,1160.14,393.05,train_397
37,000036,696.22,64.13,train_397
40,000036,740.06,58.03,train_397
54,000036,662.6,108.5,train_397
49,000036,1192.18,26.49,train_397
34,000036,300.7,33.16,train_397
68,000036,773.82,3.68,train_397
42,000036,436.96,29.33,train_397
15,000036,96.64,405.29,train_397
17,000036,297.78,168.93,train_397
14,000036,172.11,695.72,train_397
64,000036,935.61,17.31,train_397
72,000036,1155.78,433.45,train_397
61,000036,766.99,17.1,train_397
65,000036,234.27,417.51,train_397
5,000036,464.7,416.71,train_397
1,000036,99.69,125.08,train_397
3,000036,124.25,133.41,train_397
30,000036,227.85,103.51,train_397
4,000036,419.41,394.72,train_397
63,000037,903.15,21.03,train_397
55,000037,1246.86,413.77,train_397
49,000037,1191.99,25.2,train_397
48,000037,1164.12,19.86,train_397
70,000037,1243.08,226.94,train_397
64,000037,934.57,20.37,train_397
1,000037,105.12,116.46,train_397
17,000037,288.95,167.44,train_397
29,000037,171.29,104.46,train_397
4,000037,420.25,395.81,train_397
61,000037,754.43,16.38,train_397
28,000037,542.95,127.44,train_397
54,000037,652.96,101.97,train_397
65,000037,257.09,404.31,train_397
51,000037,787.29,167.53,train_397
41,000037,424.93,16.53,train_397
39,000037,390.24,11.22,train_397
33,000037,358.53,65.57,train_397
16,000037,145.56,409.16,train_397
30,000037,227.85,102.74,train_397
69,000037,1216.64,189.94,train_397
66,000037,1017.94,348.35,train_397
13,000037,1087.42,5.28,train_397
58,000037,992.07,442.44,train_397
36,000037,298.88,20.11,train_397
60,000037,764.89,22.65,train_397
37,000037,695.83,62.4,train_397
2,000037,128.07,91.18,train_397
15,000037,80.55,413.41,train_397
40,000037,738.88,58.03,train_397
71,000037,1137.55,383.48,train_397
31,000037,267.91,94.47,train_397
3,000037,124.31,126.75,train_397
52,000037,834.38,161.54,train_397
68,000037,757.57,4.87,train_397
5,000037,464.7,413.43,train_397
6,000037,890.41,394.06,train_397
53,000037,571.2,85.12,train_397
67,000037,216.17,429.8,train_397
72,000037,1124.68,420.28,train_397
50,000037,540.89,79.93,train_397
73,000037,678.04,646.42,train_397
18,000037,25.52,155.56,train_397
42,000037,423.59,31.23,train_397
38,000037,728.51,70.82,train_397
12,000037,1185.12,341.42,train_397
34,000037,285.99,30.3,train_397
62,000037,401.04,64.37,train_397
74,000037,869.27,2.17,train_397
56,000037,1278.12,63.61,train_397
53,000038,562.47,89.22,train_397
36,000038,285.61,20.03,train_397
16,000038,130.83,417.03,train_397
4,000038,419.78,394.4,train_397
68,000038,742.17,7.66,train_397
51,000038,782.29,171.6,train_397
42,000038,407.21,28.78,train_397
73,000038,693.16,614.82,train_397
17,000038,283.22,165.41,train_397
1,000038,107.85,112.15,train_397
48,000038,1163.77,18.01,train_397
37,000038,696.06,62.7,train_397
54,000038,640.69,96.52,train_397
30,000038,226.55,103.0,train_397
6,000038,896.8,387.41,train_397
5,000038,462.65,414.25,train_397
41,000038,413.69,16.53,train_397
39,000038,376.49,10.4,train_397
55,000038,1235.49,420.48,train_397
52,000038,827.79,170.5,train_397
50,000038,531.79,84.75,train_397
2,000038,131.89,82.12,train_397
38,000038,727.39,69.25,train_397
71,000038,1114.52,372.87,train_397
75,000038,1272.4,209.07,train_397
60,000038,750.75,22.27,train_397
69,000038,1210.73,185.39,train_397
61,000038,743.32,17.22,train_397
67,000038,238.63,418.07,train_397
70,000038,1238.07,220.24,train_397
18,000038,25.29,155.79,train_397
65,000038,282.12,389.45,train_397
31,000038,270.62,92.5,train_397
29,000038,168.02,101.86,train_397
64,000038,934.93,22.51,train_397
13,000038,1089.89,2.92,train_397
3,000038,121.4,122.5,train_397
15,000038,64.4,420.23,train_397
28,000038,541.41,133.59,train_397
62,000038,399.78,67.6,train_397
66,000038,997.0,339.82,train_397
12,000038,1179.58,341.92,train_397
33,000038,349.25,64.81,train_397
34,000038,271.93,29.21,train_397
40,000038,737.38,56.71,train_397
58,000038,990.39,434.05,train_397
74,000038,862.89,4.0,train_397
63,000038,905.47,23.52,train_397
72,000038,1093.58,411.25,train_397
49,000038,1192.97,24.74,train_397
38,000039,728.14,70.0,train_397
76,000039,5.34,556.78,train_397
42,000039,395.24,30.62,train_397
39,000039,363.55,12.97,train_397
49,000039,1192.97,24.0,train_397
60,000039,737.31,21.77,train_397
66,000039,976.48,332.03,train_397
31,000039,273.43,92.81,train_397
5,000039,464.7,413.44,train_397
15,000039,55.74,426.74,train_397
64,000039,935.1,23.02,train_397
12,000039,1174.43,343.48,train_397
74,000039,855.42,6.65,train_397
75,000039,1258.49,201.35,train_397
67,000039,259.42,400.89,train_397
54,000039,630.05,89.58,train_397
55,000039,1225.35,427.46,train_397
33,000039,341.69,62.95,train_397
36,000039,274.19,17.43,train_397
62,000039,399.17,69.18,train_397
37,000039,696.06,63.15,train_397
70,000039,1234.73,217.66,train_397
52,000039,821.6,174.66,train_397
3,000039,118.21,119.79,train_397
61,000039,733.89,16.69,train_397
51,000039,777.71,179.25,train_397
71,000039,1090.32,365.88,train_397
58,000039,990.86,427.41,train_397
17,000039,277.88,166.13,train_397
4,000039,418.84,393.94,train_397
2,000039,134.35,79.11,train_397
41,000039,401.42,14.88,train_397
73,000039,700.76,588.85,train_397
34,000039,260.07,28.06,train_397
40,000039,738.29,56.48,train_397
13,000039,1094.66,0.6,train_397
16,000039,118.71,423.4,train_397
6,000039,904.03,382.92,train_397
18,000039,25.97,155.33,train_397
1,000039,106.79,105.16,train_397
53,000039,553.17,95.66,train_397
30,000039,226.77,103.03,train_397
63,000039,908.19,25.09,train_397
65,000039,305.94,376.8,train_397
48,000039,1163.57,18.41,train_397
28,000039,537.98,137.99,train_397
50,000039,520.63,91.12,train_397
69,000039,1203.72,178.9,train_397
72,000039,1065.6,395.01,train_397
68,000039,726.6,5.81,train_397
29,000039,165.91,100.5,train_397
18,000040,26.34,154.67,train_397
58,000040,992.12,420.62,train_397
37,000040,696.63,60.7,train_397
28,000040,535.04,141.45,train_397
15,000040,45.89,436.72,train_397
16,000040,106.48,430.59,train_397
38,000040,726.89,70.25,train_397
3,000040,113.95,113.44,train_397
48,000040,1162.89,17.36,train_397
12,000040,1173.29,345.65,train_397
76,000040,29.09,546.72,train_397
30,000040,227.03,101.46,train_397
62,000040,396.37,71.99,train_397
34,000040,248.91,24.63,train_397
33,000040,334.9,62.67,train_397
55,000040,1211.87,430.75,train_397
68,000040,710.5,7.18,train_397
4,000040,419.79,394.68,train_397
53,000040,542.0,100.96,train_397
36,000040,261.43,15.09,train_397
52,000040,814.85,179.11,train_397
71,000040,1065.11,357.07,train_397
75,000040,1250.4,194.27,train_397
40,000040,736.4,54.51,train_397
39,000040,350.79,10.14,train_397
72,000040,1041.02,385.84,train_397
65,000040,324.37,363.54,train_397
50,000040,509.44,92.52,train_397
66,000040,956.15,325.06,train_397
49,000040,1194.69,22.77,train_397
73,000040,705.05,559.23,train_397
70,000040,1232.04,212.32,train_397
31,000040,278.09,90.05,train_397
64,000040,934.55,23.58,train_397
61,000040,720.78,15.23,train_397
29,000040,163.56,98.93,train_397
41,000040,390.25,14.64,train_397
63,000040,907.44,26.77,train_397
74,000040,845.77,7.3,train_397
51,000040,774.97,183.78,train_397
2,000040,134.07,75.0,train_397
1,000040,108.6,99.26,train_397
54,000040,619.73,83.8,train_397
17,000040,276.47,164.12,train_397
5,000040,463.04,411.41,train_397
42,000040,379.79,30.66,train_397
67,000040,279.14,389.2,train_397
60,000040,724.07,20.48,train_397
69,000040,1197.67,170.85,train_397
6,000040,906.79,380.76,train_397
41,000041,378.97,20.86,train_397
29,000041,160.49,98.21,train_397
75,000041,1242.29,190.9,train_397
52,000041,809.99,185.65,train_397
38,000041,726.93,69.58,train_397
67,000041,296.69,372.49,train_397
63,000041,905.59,29.52,train_397
60,000041,709.77,22.65,train_397
40,000041,736.32,53.66,train_397
36,000041,248.6,16.44,train_397
58,000041,995.01,417.38,train_397
30,000041,227.09,101.46,train_397
28,000041,527.79,146.06,train_397
71,000041,1035.16,349.28,train_397
64,000041,932.37,27.98,train_397
33,000041,328.83,64.17,train_397
66,000041,935.35,317.73,train_397
34,000041,235.77,23.34,train_397
62,000041,392.22,74.62,train_397
55,000041,1196.21,436.48,train_397
72,000041,1012.09,374.04,train_397
6,000041,911.7,376.26,train_397
51,000041,772.16,188.58,train_397
37,000041,695.96,61.82,train_397
49,000041,1193.6,23.61,train_397
53,000041,531.79,105.2,train_397
3,000041,113.32,108.98,train_397
31,000041,282.59,88.58,train_397
69,000041,1188.97,164.9,train_397
76,000041,51.31,538.47,train_397
2,000041,133.96,68.53,train_397
42,000041,364.75,27.59,train_397
15,000041,38.62,447.63,train_397
16,000041,97.09,439.64,train_397
1,000041,111.92,95.0,train_397
54,000041,609.01,78.14,train_397
39,000041,341.17,12.11,train_397
5,000041,464.27,412.64,train_397
12,000041,1174.03,346.76,train_397
70,000041,1227.61,208.07,train_397
68,000041,689.57,7.68,train_397
65,000041,342.97,350.1,train_397
74,000041,835.91,7.55,train_397
18,000041,25.23,155.03,train_397
17,000041,275.4,164.4,train_397
4,000041,420.83,392.69,train_397
50,000041,499.92,99.51,train_397
73,000041,716.71,531.1,train_397
48,000041,1161.1,16.61,train_397
4,000042,419.9,392.23,train_397
65,000042,359.47,334.86,train_397
1,000042,114.7,87.95,train_397
71,000042,1014.9,337.68,train_397
64,000042,927.35,29.11,train_397
16,000042,89.06,448.43,train_397
38,000042,726.43,67.79,train_397
52,000042,806.75,193.68,train_397
75,000042,1236.65,186.68,train_397
28,000042,520.41,151.47,train_397
62,000042,385.46,75.4,train_397
68,000042,670.14,4.84,train_397
41,000042,364.27,13.56,train_397
49,000042,1193.11,21.89,train_397
66,000042,913.01,316.32,train_397
40,000042,733.56,52.54,train_397
3,000042,116.36,104.73,train_397
58,000042,997.36,409.44,train_397
6,000042,912.66,370.68,train_397
53,000042,519.83,112.23,train_397
37,000042,693.71,60.7,train_397
63,000042,904.02,30.87,train_397
5,000042,460.03,413.29,train_397
33,000042,327.61,64.43,train_397
76,000042,71.12,527.9,train_397
72,000042,988.18,363.12,train_397
42,000042,351.72,25.51,train_397
67,000042,311.12,357.63,train_397
51,000042,766.99,197.29,train_397
29,000042,157.39,98.34,train_397
74,000042,823.75,8.42,train_397
18,000042,23.81,152.78,train_397
48,000042,1160.49,16.46,train_397
69,000042,1178.26,159.28,train_397
31,000042,284.17,88.76,train_397
60,000042,696.85,22.05,train_397
39,000042,324.74,7.85,train_397
30,000042,227.09,98.32,train_397
2,000042,133.65,64.04,train_397
34,000042,223.43,22.71,train_397
55,000042,1184.98,445.07,train_397
77,000042,1277.41,405.53,train_397
54,000042,598.46,70.31,train_397
12,000042,1173.83,350.27,train_397
17,000042,273.21,164.46,train_397
36,000042,232.41,14.7,train_397
73,000042,730.22,508.59,train_397
70,000042,1221.53,199.48,train_397
50,000042,491.56,104.58,train_397
15,000042,24.68,460.0,train_397
55,000043,1166.63,448.29,train_397
17,000043,275.65,163.37,train_397
68,000043,653.34,8.07,train_397
12,000043,1173.09,353.23,train_397
31,000043,283.66,86.98,train_397
73,000043,745.93,487.36,train_397
40,000043,731.63,51.91,train_397
48,000043,1159.26,16.46,train_397
70,000043,1211.01,192.5,train_397
42,000043,338.07,26.34,train_397
28,000043,516.03,155.16,train_397
72,000043,967.84,353.5,train_397
76,000043,90.06,521.72,train_397
51,000043,758.7,203.66,train_397
37,000043,693.26,60.03,train_397
3,000043,116.12,96.18,train_397
41,000043,352.7,12.52,train_397
36,000043,218.4,12.43,train_397
16,000043,76.24,456.41,train_397
4,000043,415.39,392.04,train_397
74,000043,812.28,8.78,train_397
49,000043,1190.97,21.88,train_397
53,000043,508.91,116.32,train_397
63,000043,904.11,33.24,train_397
5,000043,459.0,415.53,train_397
75,000043,1232.28,178.22,train_397
66,000043,889.81,313.49,train_397
2,000043,133.94,59.27,train_397
15,000043,8.12,465.5,train_397
58,000043,1004.79,403.91,train_397
30,000043,226.87,95.81,train_397
65,000043,380.21,325.93,train_397
6,000043,911.45,362.88,train_397
34,000043,208.79,20.37,train_397
1,000043,113.92,83.04,train_397
62,000043,381.57,78.0,train_397
38,000043,724.19,67.54,train_397
67,000043,329.57,348.88,train_397
52,000043,806.7,195.44,train_397
71,000043,992.98,331.48,train_397
39,000043,313.09,5.68,train_397
33,000043,327.09,64.93,train_397
77,000043,1257.89,413.15,train_397
64,000043,925.5,30.61,train_397
60,000043,683.63,19.53,train_397
50,000043,479.28,108.9,train_397
18,000043,21.64,152.48,train_397
29,000043,156.18,96.8,train_397
54,000043,587.4,66.12,train_397
69,000043,1169.09,153.08,train_397
51,000044,752.91,208.21,train_397
70,000044,1201.08,187.93,train_397
37,000044,689.63,62.17,train_397
40,000044,729.0,51.05,train_397
54,000044,576.2,59.27,train_397
50,000044,465.3,116.46,train_397
33,000044,328.68,67.22,train_397
1,000044,110.09,79.88,train_397
17,000044,274.3,164.49,train_397
5,000044,454.92,418.43,train_397
48,000044,1159.46,16.46,train_397
12,000044,1175.44,355.37,train_397
31,000044,280.84,86.97,train_397
55,000044,1146.83,454.34,train_397
30,000044,226.89,93.74,train_397
41,000044,341.69,12.51,train_397
74,000044,800.06,11.09,train_397
2,000044,132.33,53.63,train_397
62,000044,378.3,80.65,train_397
18,000044,21.42,152.89,train_397
72,000044,946.92,344.75,train_397
64,000044,923.95,34.13,train_397
65,000044,402.18,313.43,train_397
63,000044,903.97,35.64,train_397
71,000044,971.66,326.03,train_397
66,000044,867.92,307.96,train_397
68,000044,633.87,7.48,train_397
49,000044,1190.13,23.35,train_397
3,000044,113.59,92.36,train_397
69,000044,1160.58,148.58,train_397
58,000044,1009.37,396.01,train_397
76,000044,113.03,512.43,train_397
39,000044,299.76,5.79,train_397
16,000044,65.21,467.25,train_397
6,000044,906.26,356.41,train_397
34,000044,195.77,20.11,train_397
38,000044,725.43,65.55,train_397
67,000044,352.73,337.77,train_397
29,000044,154.32,97.05,train_397
42,000044,323.73,24.38,train_397
36,000044,207.46,11.58,train_397
52,000044,800.41,201.65,train_397
53,000044,495.91,125.75,train_397
60,000044,669.61,20.34,train_397
75,000044,1228.6,172.6,train_397
73,000044,752.94,459.47,train_397
28,000044,511.76,158.9,train_397
77,000044,1241.74,414.79,train_397
4,000044,417.33,390.42,train_397
63,000045,907.03,37.82,train_397
69,000045,1154.02,144.29,train_397
29,000045,155.24,97.46,train_397
68,000045,615.65,6.14,train_397
39,000045,286.54,5.46,train_397
72,000045,925.23,341.02,train_397
30,000045,232.31,90.97,train_397
54,000045,569.17,57.31,train_397
40,000045,727.41,50.14,train_397
50,000045,453.65,119.49,train_397
76,000045,131.6,504.39,train_397
66,000045,852.08,304.91,train_397
74,000045,788.02,13.01,train_397
41,000045,327.15,10.8,train_397
55,000045,1129.94,457.92,train_397
37,000045,684.42,65.21,train_397
4,000045,418.01,390.94,train_397
6,000045,908.63,350.72,train_397
36,000045,198.38,9.17,train_397
12,000045,1172.29,360.92,train_397
16,000045,45.52,481.55,train_397
49,000045,1189.63,24.27,train_397
34,000045,182.02,16.95,train_397
53,000045,481.84,130.37,train_397
31,000045,278.13,87.99,train_397
52,000045,792.52,209.31,train_397
75,000045,1219.6,170.13,train_397
2,000045,131.45,50.98,train_397
62,000045,377.83,83.81,train_397
51,000045,746.96,214.81,train_397
5,000045,449.29,422.81,train_397
28,000045,510.21,164.57,train_397
70,000045,1189.77,178.68,train_397
78,000045,12.94,557.14,train_397
42,000045,311.39,23.9,train_397
73,000045,758.43,443.14,train_397
65,000045,421.42,302.73,train_397
71,000045,950.54,320.19,train_397
64,000045,925.51,37.29,train_397
58,000045,1006.53,392.34,train_397
33,000045,331.84,71.5,train_397
1,000045,108.53,75.26,train_397
18,000045,21.71,152.65,train_397
48,000045,1160.21,16.16,train_397
67,000045,372.56,323.38,train_397
17,000045,274.59,165.08,train_397
3,000045,110.15,89.3,train_397
77,000045,1223.96,418.75,train_397
38,000045,724.44,68.79,train_397
60,000045,655.79,17.83,train_397
53,000046,470.92,137.14,train_397
40,000046,726.17,50.84,train_397
51,000046,743.88,219.41,train_397
68,000046,597.86,5.46,train_397
2,000046,128.02,47.65,train_397
6,000046,909.6,346.23,train_397
34,000046,170.73,16.96,train_397
64,000046,928.67,39.14,train_397
49,000046,1190.54,24.27,train_397
76,000046,142.59,497.26,train_397
52,000046,784.22,212.78,train_397
65,000046,435.19,294.49,train_397
67,000046,391.86,315.62,train_397
55,000046,1110.41,460.88,train_397
16,000046,22.34,493.29,train_397
33,000046,333.25,74.99,train_397
42,000046,299.0,24.45,train_397
62,000046,377.39,86.87,train_397
77,000046,1198.13,420.64,train_397
41,000046,319.96,10.8,train_397
28,000046,507.44,166.48,train_397
54,000046,560.52,50.11,train_397
18,000046,20.82,151.98,train_397
58,000046,1008.56,385.53,train_397
50,000046,440.93,128.14,train_397
72,000046,904.75,333.32,train_397
78,000046,35.67,546.75,train_397
74,000046,778.42,12.52,train_397
71,000046,929.04,316.47,train_397
3,000046,109.29,84.26,train_397
17,000046,276.06,166.3,train_397
4,000046,419.39,390.37,train_397
31,000046,275.56,87.66,train_397
75,000046,1204.45,166.93,train_397
48,000046,1160.4,16.55,train_397
73,000046,762.73,421.07,train_397
37,000046,681.92,67.21,train_397
39,000046,276.22,7.51,train_397
60,000046,644.14,18.87,train_397
70,000046,1181.79,173.83,train_397
29,000046,157.79,97.26,train_397
5,000046,446.56,426.37,train_397
12,000046,1170.08,363.87,train_397
30,000046,233.83,89.84,train_397
36,000046,188.34,6.62,train_397
66,000046,833.98,298.04,train_397
38,000046,725.5,68.59,train_397
1,000046,105.48,72.86,train_397
69,000046,1150.3,139.01,train_397
63,000046,908.24,39.98,train_397
12,000047,1156.68,369.96,train_397
37,000047,683.32,67.21,train_397
18,000047,22.95,152.42,train_397
75,000047,1193.23,155.75,train_397
16,000047,3.75,502.82,train_397
55,000047,1098.34,470.97,train_397
34,000047,157.22,17.49,train_397
65,000047,449.42,280.89,train_397
68,000047,580.55,4.26,train_397
36,000047,177.72,6.62,train_397
54,000047,553.49,45.58,train_397
51,000047,738.55,224.41,train_397
71,000047,907.6,310.29,train_397
1,000047,105.01,68.21,train_397
63,000047,909.18,42.12,train_397
41,000047,309.78,10.6,train_397
50,000047,432.14,135.39,train_397
52,000047,781.12,217.53,train_397
64,000047,929.31,41.11,train_397
5,000047,438.04,429.94,train_397
67,000047,411.76,303.63,train_397
78,000047,56.36,540.25,train_397
72,000047,887.81,330.2,train_397
70,000047,1175.52,167.5,train_397
6,000047,914.94,343.71,train_397
29,000047,166.18,98.12,train_397
42,000047,287.3,22.46,train_397
48,000047,1161.9,16.36,train_397
53,000047,460.99,144.4,train_397
74,000047,766.75,14.22,train_397
58,000047,1010.23,372.81,train_397
33,000047,331.27,78.34,train_397
39,000047,266.04,5.97,train_397
31,000047,272.7,90.69,train_397
73,000047,777.29,401.72,train_397
3,000047,114.32,79.15,train_397
2,000047,125.5,41.62,train_397
17,000047,274.77,165.74,train_397
38,000047,728.03,67.58,train_397
4,000047,418.42,387.91,train_397
30,000047,234.78,89.31,train_397
76,000047,152.18,490.73,train_397
60,000047,631.94,20.17,train_397
79,000047,7.9,390.32,train_397
66,000047,815.68,298.52,train_397
40,000047,726.52,50.37,train_397
49,000047,1189.85,25.16,train_397
69,000047,1144.25,133.52,train_397
62,000047,376.97,91.89,train_397
28,000047,504.63,169.21,train_397
77,000047,1180.99,420.57,train_397
72,000048,873.79,325.2,train_397
65,000048,468.13,270.68,train_397
34,000048,143.95,13.24,train_397
70,000048,1172.17,160.62,train_397
60,000048,621.31,19.47,train_397
49,000048,1189.96,23.97,train_397
41,000048,297.45,6.77,train_397
33,000048,324.25,83.01,train_397
78,000048,75.4,528.19,train_397
39,000048,260.07,6.05,train_397
76,000048,156.58,484.55,train_397
28,000048,499.24,173.58,train_397
4,000048,420.65,388.91,train_397
58,000048,1011.08,367.87,train_397
71,000048,889.48,305.53,train_397
62,000048,374.31,98.46,train_397
77,000048,1165.36,427.44,train_397
31,000048,271.63,88.84,train_397
3,000048,120.37,73.2,train_397
75,000048,1184.85,148.73,train_397
64,000048,928.31,45.73,train_397
48,000048,1162.76,16.99,train_397
50,000048,421.1,139.86,train_397
36,000048,165.86,5.62,train_397
6,000048,922.76,337.62,train_397
17,000048,273.82,163.84,train_397
12,000048,1143.28,372.29,train_397
63,000048,905.6,45.8,train_397
66,000048,790.23,300.33,train_397
2,000048,123.17,39.56,train_397
38,000048,727.01,66.32,train_397
69,000048,1137.44,131.16,train_397
29,000048,171.39,97.41,train_397
37,000048,685.82,66.76,train_397
40,000048,724.03,50.02,train_397
42,000048,277.34,22.65,train_397
5,000048,433.78,433.74,train_397
1,000048,100.47,63.07,train_397
74,000048,754.4,13.9,train_397
73,000048,791.95,392.23,train_397
55,000048,1085.51,479.84,train_397
68,000048,562.83,5.29,train_397
54,000048,545.8,41.22,train_397
51,000048,733.49,228.94,train_397
67,000048,432.25,292.24,train_397
18,000048,24.24,151.22,train_397
79,000048,11.92,389.42,train_397
52,000048,780.57,220.31,train_397
30,000048,234.78,89.57,train_397
53,000048,450.3,150.18,train_397
37,000049,688.71,66.57,train_397
28,000049,494.72,174.48,train_397
48,000049,1162.36,15.99,train_397
39,000049,249.72,1.52,train_397
49,000049,1191.71,23.97,train_397
64,000049,926.23,47.97,train_397
65,000049,490.01,264.53,train_397
5,000049,434.16,431.12,train_397
41,000049,287.7,7.09,train_397
77,000049,1149.35,435.21,train_397
74,000049,747.45,14.58,train_397
3,000049,120.85,67.73,train_397
38,000049,728.77,66.33,train_397
42,000049,265.38,17.12,train_397
40,000049,721.33,50.5,train_397
69,000049,1129.0,124.08,train_397
51,000049,729.69,230.27,train_397
71,000049,870.03,301.35,train_397
66,000049,767.68,294.55,train_397
70,000049,1162.36,156.54,train_397
73,000049,807.28,375.48,train_397
4,000049,421.14,387.94,train_397
36,000049,156.8,2.32,train_397
29,000049,174.76,97.19,train_397
18,000049,23.35,151.44,train_397
72,000049,856.29,321.22,train_397
60,000049,609.45,19.25,train_397
67,000049,451.97,285.97,train_397
63,000049,904.03,46.86,train_397
79,000049,19.34,388.55,train_397
62,000049,370.67,101.28,train_397
17,000049,274.77,162.3,train_397
33,000049,314.08,84.29,train_397
58,000049,1010.97,361.65,train_397
52,000049,779.98,219.28,train_397
53,000049,437.27,158.43,train_397
6,000049,930.67,329.15,train_397
54,000049,536.38,34.69,train_397
1,000049,92.96,61.07,train_397
30,000049,231.07,89.71,train_397
55,000049,1065.52,487.36,train_397
76,000049,161.44,473.64,train_397
2,000049,119.3,33.74,train_397
34,000049,132.03,13.85,train_397
12,000049,1134.78,374.43,train_397
75,000049,1178.76,144.82,train_397
68,000049,545.22,1.69,train_397
50,000049,407.83,147.32,train_397
31,000049,273.36,87.33,train_397
78,000049,95.48,508.62,train_397
76,000050,168.83,466.07,train_397
60,000050,596.68,18.19,train_397
71,000050,849.12,295.46,train_397
68,000050,527.78,2.81,train_397
54,000050,529.13,32.9,train_397
53,000050,424.57,163.4,train_397
12,000050,1124.52,381.27,train_397
49,000050,1191.27,23.97,train_397
34,000050,121.1,11.55,train_397
33,000050,309.27,88.95,train_397
3,000050,120.01,66.11,train_397
48,000050,1161.75,15.18,train_397
78,000050,106.8,492.76,train_397
74,000050,740.97,16.52,train_397
55,000050,1046.53,493.81,train_397
70,000050,1150.73,150.3,train_397
64,000050,922.65,49.56,train_397
40,000050,721.56,49.19,train_397
77,000050,1131.55,440.53,train_397
62,000050,370.11,104.81,train_397
38,000050,729.03,65.57,train_397
52,000050,774.24,224.76,train_397
42,000050,255.64,17.63,train_397
29,000050,177.52,96.91,train_397
2,000050,110.47,30.8,train_397
73,000050,821.93,359.85,train_397
5,000050,431.88,430.72,train_397
65,000050,511.17,256.05,train_397
18,000050,24.68,150.33,train_397
6,000050,936.04,325.01,train_397
17,000050,275.52,159.79,train_397
36,000050,148.88,0.67,train_397
28,000050,490.49,177.78,train_397
1,000050,82.06,57.31,train_397
37,000050,691.9,65.65,train_397
63,000050,903.78,48.3,train_397
72,000050,835.72,321.59,train_397
66,000050,745.66,293.48,train_397
75,000050,1175.93,135.51,train_397
30,000050,227.8,87.94,train_397
4,000050,423.39,387.99,train_397
79,000050,14.98,385.48,train_397
58,000050,1018.2,354.92,train_397
41,000050,277.01,7.4,train_397
67,000050,469.99,274.05,train_397
50,000050,391.3,151.03,train_397
31,000050,270.77,87.14,train_397
51,000050,729.63,233.82,train_397
69,000050,1122.82,118.11,train_397
56,000050,1276.18,16.57,train_397
63,000051,903.75,51.17,train_397
54,000051,522.51,25.77,train_397
36,000051,142.21,0.48,train_397
56,000051,1274.7,10.74,train_397
69,000051,1116.59,115.5,train_397
65,000051,524.67,246.2,train_397
34,000051,109.98,7.46,train_397
80,000051,1095.75,689.6,train_397
50,000051,378.35,158.0,train_397
38,000051,728.27,64.69,train_397
73,000051,829.41,349.16,train_397
79,000051,11.92,384.61,train_397
53,000051,414.39,172.44,train_397
78,000051,116.65,471.98,train_397
17,000051,274.26,157.89,train_397
29,000051,178.04,97.43,train_397
70,000051,1141.08,145.0,train_397
31,000051,270.0,84.39,train_397
4,000051,424.35,386.53,train_397
52,000051,768.89,226.0,train_397
76,000051,184.23,458.4,train_397
58,000051,1024.22,346.89,train_397
6,000051,937.74,319.23,train_397
75,000051,1170.8,128.94,train_397
12,000051,1114.43,389.79,train_397
48,000051,1161.86,14.15,train_397
49,000051,1191.88,23.01,train_397
72,000051,814.7,318.11,train_397
28,000051,488.2,179.94,train_397
77,000051,1109.14,452.39,train_397
55,000051,1027.06,496.31,train_397
37,000051,694.5,65.62,train_397
74,000051,736.26,16.52,train_397
64,000051,920.67,51.69,train_397
30,000051,227.4,88.95,train_397
18,000051,24.5,150.14,train_397
42,000051,243.51,13.13,train_397
60,000051,582.82,15.67,train_397
51,000051,731.58,236.42,train_397
66,000051,726.35,287.61,train_397
5,000051,431.88,429.97,train_397
1,000051,74.28,52.98,train_397
2,000051,102.2,30.15,train_397
33,000051,302.12,95.69,train_397
62,000051,368.27,112.09,train_397
68,000051,508.48,1.74,train_397
71,000051,830.11,292.26,train_397
40,000051,719.49,48.04,train_397
67,000051,484.2,264.83,train_397
41,000051,266.47,3.85,train_397
3,000051,117.07,62.16,train_397
4,000052,421.45,387.02,train_397
77,000052,1087.21,451.56,train_397
49,000052,1191.66,21.79,train_397
71,000052,806.55,287.1,train_397
33,000052,294.26,98.6,train_397
74,000052,730.7,17.47,train_397
54,000052,515.09,19.87,train_397
37,000052,699.61,67.95,train_397
56,000052,1274.1,8.3,train_397
51,000052,735.01,236.83,train_397
40,000052,719.65,47.28,train_397
60,000052,568.43,17.22,train_397
29,000052,177.98,97.6,train_397
72,000052,794.24,315.63,train_397
17,000052,270.64,157.64,train_397
75,000052,1163.04,123.18,train_397
48,000052,1162.11,13.85,train_397
6,000052,939.71,312.78,train_397
30,000052,225.19,87.52,train_397
67,000052,497.8,257.3,train_397
34,000052,97.97,8.92,train_397
76,000052,201.59,450.1,train_397
68,000052,493.24,2.38,train_397
58,000052,1027.66,339.89,train_397
53,000052,402.9,177.93,train_397
61,000052,577.96,10.32,train_397
31,000052,268.41,82.28,train_397
69,000052,1110.65,109.15,train_397
65,000052,538.59,237.35,train_397
78,000052,123.49,457.58,train_397
12,000052,1103.4,391.78,train_397
55,000052,1009.6,498.42,train_397
73,000052,837.65,330.99,train_397
2,000052,95.35,25.5,train_397
42,000052,233.94,13.25,train_397
28,000052,487.54,182.35,train_397
52,000052,766.37,226.88,train_397
80,000052,1108.2,655.86,train_397
3,000052,114.34,56.85,train_397
1,000052,70.21,50.7,train_397
41,000052,260.8,6.86,train_397
63,000052,902.99,53.48,train_397
79,000052,11.92,389.85,train_397
64,000052,920.79,54.61,train_397
50,000052,364.84,166.97,train_397
5,000052,434.88,427.35,train_397
70,000052,1131.81,139.41,train_397
62,000052,366.35,115.83,train_397
18,000052,24.17,150.02,train_397
38,000052,728.54,64.56,train_397
66,000052,706.47,281.74,train_397
58,000053,1033.68,336.06,train_397
37,000053,706.71,71.7,train_397
50,000053,351.44,171.13,train_397
33,000053,284.55,101.32,train_397
63,000053,901.84,54.21,train_397
41,000053,247.54,2.94,train_397
77,000053,1071.75,458.15,train_397
61,000053,565.68,10.11,train_397
72,000053,773.7,316.23,train_397
5,000053,435.64,422.05,train_397
28,000053,488.08,185.4,train_397
76,000053,215.61,445.15,train_397
80,000053,1126.91,638.17,train_397
3,000053,115.93,52.87,train_397
65,000053,551.29,225.9,train_397
73,000053,849.55,316.68,train_397
69,000053,1108.21,104.49,train_397
55,000053,992.23,507.21,train_397
18,000053,23.46,148.92,train_397
78,000053,138.11,446.66,train_397
64,000053,920.78,54.13,train_397
48,000053,1163.2,12.96,train_397
52,000053,769.28,228.04,train_397
12,000053,1086.28,395.49,train_397
34,000053,84.61,3.94,train_397
49,000053,1192.54,21.13,train_397
1,000053,67.27,48.1,train_397
71,000053,785.7,285.65,train_397
62,000053,363.69,122.77,train_397
30,000053,225.96,88.27,train_397
2,000053,88.94,23.44,train_397
40,000053,720.83,46.36,train_397
6,000053,937.7,303.51,train_397
29,000053,180.61,95.9,train_397
51,000053,738.63,240.17,train_397
38,000053,729.02,63.59,train_397
17,000053,269.08,157.85,train_397
70,000053,1127.82,135.68,train_397
31,000053,268.75,80.54,train_397
67,000053,512.64,245.89,train_397
74,000053,723.41,20.11,train_397
53,000053,388.88,187.1,train_397
4,000053,422.9,383.58,train_397
68,000053,474.03,4.17,train_397
60,000053,557.11,15.77,train_397
75,000053,1158.92,118.01,train_397
54,000053,507.34,18.02,train_397
66,000053,685.68,282.3,train_397
79,000053,8.71,394.65,train_397
56,000053,1274.94,4.57,train_397
18,000054,24.91,148.92,train_397
69,000054,1100.94,100.24,train_397
52,000054,774.48,229.34,train_397
50,000054,334.05,178.89,train_397
75,000054,1155.25,114.89,train_397
41,000054,238.1,1.8,train_397
70,000054,1123.45,131.43,train_397
64,000054,920.41,55.72,train_397
58,000054,1036.3,329.0,train_397
51,000054,740.0,240.43,train_397
12,000054,1069.99,402.52,train_397
80,000054,1149.59,614.97,train_397
54,000054,502.84,13.55,train_397
33,000054,273.13,110.15,train_397
6,000054,940.0,296.61,train_397
74,000054,715.39,21.65,train_397
61,000054,555.69,8.46,train_397
67,000054,527.77,238.76,train_397
55,000054,974.66,511.5,train_397
31,000054,268.8,79.74,train_397
40,000054,722.67,47.74,train_397
71,000054,765.35,285.36,train_397
68,000054,458.19,1.06,train_397
63,000054,898.73,56.82,train_397
73,000054,864.71,307.3,train_397
79,000054,4.15,400.06,train_397
60,000054,546.18,14.29,train_397
38,000054,729.5,63.84,train_397
53,000054,375.53,195.65,train_397
49,000054,1191.03,20.38,train_397
3,000054,115.3,47.02,train_397
56,000054,1274.02,1.45,train_397
5,000054,435.93,417.81,train_397
4,000054,421.93,383.58,train_397
48,000054,1164.1,12.86,train_397
28,000054,487.31,188.09,train_397
30,000054,227.72,88.02,train_397
65,000054,570.55,220.38,train_397
2,000054,82.95,20.77,train_397
29,000054,180.61,95.39,train_397
1,000054,60.51,44.65,train_397
77,000054,1058.74,468.36,train_397
76,000054,226.35,436.34,train_397
72,000054,748.97,310.44,train_397
66,000054,665.31,279.22,train_397
34,000054,75.36,3.98,train_397
78,000054,152.16,433.42,train_397
17,000054,267.07,159.97,train_397
37,000054,710.11,72.22,train_397
62,000054,360.03,130.16,train_397
12,000055,1051.88,403.12,train_397
2,000055,75.61,18.9,train_397
33,000055,258.57,113.97,train_397
70,000055,1123.25,124.59,train_397
41,000055,230.14,4.7,train_397
31,000055,271.7,81.32,train_397
56,000055,1270.3,0.92,train_397
6,000055,942.28,292.11,train_397
17,000055,263.59,161.11,train_397
4,000055,420.48,385.52,train_397
28,000055,483.88,193.33,train_397
72,000055,730.01,308.44,train_397
38,000055,729.59,65.52,train_397
63,000055,894.65,62.51,train_397
73,000055,872.86,291.11,train_397
66,000055,649.18,275.87,train_397
29,000055,180.61,94.88,train_397
60,000055,533.65,16.56,train_397
51,000055,737.25,245.65,train_397
69,000055,1093.92,97.36,train_397
53,000055,362.96,203.5,train_397
52,000055,782.55,233.67,train_397
18,000055,25.98,149.0,train_397
61,000055,542.98,10.7,train_397
49,000055,1191.25,20.83,train_397
3,000055,112.9,45.32,train_397
74,000055,710.46,25.66,train_397
65,000055,588.53,213.45,train_397
76,000055,230.2,426.52,train_397
50,000055,315.2,185.31,train_397
64,000055,921.08,61.0,train_397
71,000055,745.2,284.16,train_397
55,000055,955.73,517.01,train_397
62,000055,355.75,136.65,train_397
54,000055,497.86,12.14,train_397
77,000055,1043.23,477.61,train_397
68,000055,441.35,2.52,train_397
80,000055,1155.48,586.83,train_397
30,000055,229.45,88.64,train_397
67,000055,546.21,233.72,train_397
5,000055,437.55,422.26,train_397
75,000055,1151.44,109.44,train_397
79,000055,2.18,403.81,train_397
58,000055,1037.13,320.82,train_397
40,000055,722.67,48.83,train_397
37,000055,710.61,72.16,train_397
48,000055,1163.23,12.96,train_397
78,000055,162.11,421.03,train_397
53,000056,347.73,214.7,train_397
60,000056,519.82,14.57,train_397
4,000056,422.44,385.13,train_397
18,000056,25.77,150.5,train_397
37,000056,707.09,71.6,train_397
48,000056,1164.43,13.76,train_397
62,000056,355.08,142.1,train_397
38,000056,731.84,64.8,train_397
49,000056,1192.8,21.05,train_397
6,000056,941.88,289.25,train_397
30,000056,229.71,90.67,train_397
74,000056,706.38,31.42,train_397
29,000056,178.47,95.04,train_397
68,000056,423.11,1.77,train_397
67,000056,560.0,225.73,train_397
72,000056,704.56,310.21,train_397
28,000056,478.17,197.82,train_397
66,000056,637.75,271.04,train_397
58,000056,1040.39,314.68,train_397
52,000056,793.93,234.04,train_397
77,000056,1023.75,484.47,train_397
78,000056,171.32,410.4,train_397
3,000056,108.02,43.97,train_397
5,000056,437.15,421.86,train_397
70,000056,1122.34,119.29,train_397
65,000056,602.87,204.46,train_397
75,000056,1144.27,106.56,train_397
64,000056,917.06,65.66,train_397
73,000056,876.08,279.23,train_397
61,000056,530.86,12.11,train_397
69,000056,1087.43,92.9,train_397
41,000056,220.43,4.13,train_397
51,000056,737.06,248.61,train_397
40,000056,722.44,49.52,train_397
76,000056,236.62,410.72,train_397
63,000056,895.02,63.78,train_397
17,000056,262.49,162.45,train_397
12,000056,1039.84,412.4,train_397
80,000056,1156.09,564.07,train_397
31,000056,273.01,82.54,train_397
71,000056,724.86,282.36,train_397
54,000056,494.29,9.9,train_397
50,000056,300.11,191.24,train_397
55,000056,936.14,524.52,train_397
33,000056,250.29,120.93,train_397
41,000057,211.04,2.26,train_397
29,000057,176.95,93.0,train_397
60,000057,506.39,16.41,train_397
58,000057,1042.63,310.24,train_397
77,000057,994.3,488.33,train_397
73,000057,874.66,267.26,train_397
50,000057,283.92,202.39,train_397
48,000057,1163.45,15.13,train_397
62,000057,355.73,151.2,train_397
49,000057,1193.34,19.94,train_397
18,000057,25.34,151.14,train_397
53,000057,327.82,223.26,train_397
63,000057,893.5,67.62,train_397
6,000057,944.29,286.87,train_397
66,000057,622.32,264.62,train_397
64,000057,912.95,66.94,train_397
76,000057,243.16,400.72,train_397
31,000057,275.71,82.17,train_397
17,000057,263.49,163.46,train_397
51,000057,739.38,254.28,train_397
30,000057,230.47,90.93,train_397
68,000057,405.67,3.12,train_397
67,000057,573.72,219.68,train_397
75,000057,1131.92,106.27,train_397
69,000057,1080.6,89.59,train_397
74,000057,702.07,33.14,train_397
54,000057,489.75,8.77,train_397
78,000057,181.73,395.36,train_397
4,000057,421.98,386.06,train_397
33,000057,243.46,130.09,train_397
80,000057,1158.37,536.57,train_397
12,000057,1025.63,422.18,train_397
70,000057,1116.59,118.24,train_397
55,000057,913.82,528.2,train_397
28,000057,472.63,201.45,train_397
72,000057,681.63,306.58,train_397
38,000057,732.08,65.04,train_397
61,000057,518.23,11.47,train_397
37,000057,700.65,73.75,train_397
52,000057,797.3,237.76,train_397
40,000057,723.25,50.24,train_397
65,000057,616.74,199.81,train_397
3,000057,102.96,40.0,train_397
5,000057,438.99,421.41,train_397
71,000057,706.35,278.17,train_397
3,000058,98.33,38.29,train_397
18,000058,25.13,150.92,train_397
54,000058,482.83,7.01,train_397
67,000058,589.14,213.36,train_397
68,000058,387.45,7.89,train_397
6,000058,948.23,278.66,train_397
61,000058,504.31,14.32,train_397
38,000058,730.87,66.25,train_397
66,000058,605.41,260.92,train_397
40,000058,723.94,51.68,train_397
37,000058,695.01,74.34,train_397
52,000058,796.6,242.52,train_397
30,000058,232.0,93.34,train_397
51,000058,743.25,260.24,train_397
64,000058,910.96,72.13,train_397
77,000058,973.28,486.32,train_397
60,000058,492.43,17.76,train_397
48,000058,1163.71,16.1,train_397
4,000058,421.05,385.13,train_397
80,000058,1169.54,517.49,train_397
50,000058,263.67,210.22,train_397
74,000058,693.62,37.51,train_397
65,000058,628.21,193.45,train_397
62,000058,352.37,155.17,train_397
31,000058,275.93,84.6,train_397
28,000058,469.32,204.3,train_397
72,000058,657.87,306.22,train_397
53,000058,308.22,236.05,train_397
63,000058,891.77,72.32,train_397
71,000058,684.96,276.06,train_397
33,000058,234.44,135.6,train_397
58,000058,1046.58,307.34,train_397
29,000058,176.02,92.24,train_397
55,000058,893.02,536.4,train_397
5,000058,443.03,421.96,train_397
75,000058,1121.59,100.38,train_397
76,000058,259.6,392.2,train_397
70,000058,1110.38,111.68,train_397
49,000058,1195.13,19.62,train_397
17,000058,269.1,160.0,train_397
69,000058,1076.43,87.43,train_397
73,000058,880.78,254.02,train_397
12,000058,1008.82,428.98,train_397
78,000058,193.81,384.97,train_397
41,000058,202.37,1.78,train_397
69,000059,1074.1,81.93,train_397
78,000059,207.64,378.85,train_397
74,000059,683.62,40.69,train_397
80,000059,1186.13,504.18,train_397
52,000059,794.05,247.46,train_397
77,000059,947.06,489.29,train_397
48,000059,1163.51,17.53,train_397
76,000059,274.17,380.6,train_397
33,000059,221.84,145.99,train_397
72,000059,637.22,302.62,train_397
61,000059,490.79,12.59,train_397
17,000059,275.63,159.76,train_397
6,000059,953.54,275.56,train_397
29,000059,173.73,93.26,train_397
70,000059,1103.22,108.01,train_397
66,000059,588.0,258.49,train_397
37,000059,690.76,74.14,train_397
64,000059,911.9,75.07,train_397
51,000059,750.89,263.96,train_397
41,000059,194.76,4.25,train_397
53,000059,287.7,243.65,train_397
67,000059,603.24,205.27,train_397
63,000059,893.22,75.9,train_397
18,000059,23.79,151.56,train_397
3,000059,95.12,34.54,train_397
68,000059,368.48,4.0,train_397
12,000059,991.41,432.4,train_397
40,000059,722.76,51.59,train_397
5,000059,442.59,421.96,train_397
28,000059,469.42,208.75,train_397
30,000059,232.55,93.69,train_397
65,000059,641.59,184.18,train_397
62,000059,345.48,164.62,train_397
75,000059,1118.21,94.58,train_397
55,000059,874.63,547.69,train_397
49,000059,1194.9,19.85,train_397
31,000059,279.22,84.71,train_397
71,000059,666.08,275.2,train_397
60,000059,478.73,17.01,train_397
50,000059,246.24,219.83,train_397
58,000059,1053.4,300.11,train_397
73,000059,889.79,247.97,train_397
4,000059,422.91,387.45,train_397
38,000059,731.28,65.42,train_397
75,000060,1116.44,91.88,train_397
73,000060,900.76,236.85,train_397
53,000060,266.73,255.3,train_397
68,000060,354.63,7.27,train_397
6,000060,955.94,271.15,train_397
52,000060,788.37,251.7,train_397
40,000060,723.45,52.28,train_397
60,000060,464.49,18.09,train_397
5,000060,441.29,424.12,train_397
30,000060,231.8,95.2,train_397
69,000060,1066.71,78.87,train_397
48,000060,1162.69,18.34,train_397
50,000060,220.57,229.15,train_397
12,000060,973.79,440.4,train_397
64,000060,911.77,79.82,train_397
55,000060,854.8,559.75,train_397
67,000060,618.85,200.77,train_397
80,000060,1198.82,480.95,train_397
63,000060,890.13,79.21,train_397
70,000060,1098.9,104.51,train_397
61,000060,476.45,13.07,train_397
65,000060,655.57,181.34,train_397
74,000060,675.16,42.71,train_397
78,000060,222.47,367.62,train_397
66,000060,573.94,251.1,train_397
49,000060,1192.04,17.79,train_397
4,000060,420.12,387.45,train_397
37,000060,689.34,76.61,train_397
31,000060,278.43,85.51,train_397
2,000060,32.35,8.52,train_397
76,000060,285.52,371.05,train_397
38,000060,730.8,65.42,train_397
28,000060,467.6,212.27,train_397
33,000060,208.54,153.75,train_397
58,000060,1057.02,297.5,train_397
62,000060,334.45,171.37,train_397
29,000060,172.71,94.02,train_397
51,000060,754.21,269.09,train_397
71,000060,648.66,270.4,train_397
18,000060,22.77,151.94,train_397
17,000060,279.64,158.29,train_397
72,000060,612.16,298.23,train_397
77,000060,922.11,492.06,train_397
3,000060,88.84,30.97,train_397
48,000061,1159.24,18.78,train_397
28,000061,467.79,214.72,train_397
63,000061,884.55,83.27,train_397
62,000061,327.5,177.23,train_397
55,000061,831.73,571.6,train_397
77,000061,895.26,491.85,train_397
67,000061,635.36,193.26,train_397
18,000061,24.05,151.94,train_397
68,000061,340.27,6.11,train_397
6,000061,960.7,267.12,train_397
3,000061,82.51,30.47,train_397
31,000061,279.22,87.43,train_397
37,000061,689.48,77.53,train_397
33,000061,199.77,159.79,train_397
51,000061,754.49,277.18,train_397
65,000061,669.87,175.77,train_397
38,000061,729.59,66.86,train_397
30,000061,230.33,96.15,train_397
73,000061,909.09,222.12,train_397
4,000061,422.91,387.45,train_397
5,000061,443.46,425.42,train_397
74,000061,665.54,47.94,train_397
60,000061,451.64,15.78,train_397
80,000061,1201.88,463.06,train_397
71,000061,635.4,267.34,train_397
17,000061,279.7,157.26,train_397
53,000061,248.76,267.72,train_397
72,000061,593.32,294.75,train_397
78,000061,233.93,355.44,train_397
66,000061,565.36,245.86,train_397
40,000061,722.99,53.02,train_397
69,000061,1060.98,77.93,train_397
49,000061,1191.33,17.8,train_397
61,000061,461.06,13.69,train_397
75,000061,1114.97,88.31,train_397
29,000061,174.24,94.28,train_397
50,000061,198.17,233.8,train_397
64,000061,910.84,83.04,train_397
70,000061,1096.88,97.11,train_397
76,000061,294.53,361.98,train_397
12,000061,954.56,445.43,train_397
58,000061,1063.79,292.77,train_397
52,000061,785.79,258.25,train_397
12,000062,943.86,451.11,train_397
53,000062,226.35,273.32,train_397
73,000062,914.59,215.78,train_397
72,000062,573.3,286.67,train_397
78,000062,245.04,347.93,train_397
61,000062,448.68,12.4,train_397
29,000062,176.27,94.96,train_397
28,000062,467.23,215.42,train_397
18,000062,22.35,152.58,train_397
70,000062,1094.03,92.35,train_397
74,000062,658.93,51.87,train_397
65,000062,683.89,166.81,train_397
69,000062,1053.39,72.17,train_397
71,000062,622.06,260.8,train_397
38,000062,730.67,67.2,train_397
30,000062,228.65,97.67,train_397
60,000062,438.74,13.9,train_397
75,000062,1106.33,83.96,train_397
77,000062,864.05,500.69,train_397
33,000062,195.53,170.77,train_397
68,000062,321.25,6.24,train_397
64,000062,906.08,87.31,train_397
66,000062,559.64,236.75,train_397
3,000062,75.03,27.14,train_397
63,000062,878.51,86.08,train_397
48,000062,1156.88,17.67,train_397
58,000062,1064.86,291.0,train_397
31,000062,278.96,87.96,train_397
50,000062,177.11,247.4,train_397
40,000062,723.22,53.02,train_397
5,000062,444.33,424.56,train_397
49,000062,1189.63,17.35,train_397
76,000062,299.48,347.05,train_397
80,000062,1199.21,444.27,train_397
62,000062,324.06,185.4,train_397
55,000062,812.54,580.58,train_397
4,000062,425.23,387.91,train_397
37,000062,692.86,76.36,train_397
51,000062,754.32,282.35,train_397
6,000062,963.36,263.58,train_397
67,000062,649.31,186.12,train_397
17,000062,279.86,154.92,train_397
52,000062,784.79,265.75,train_397
75,000063,1103.17,79.83,train_397
74,000063,651.89,54.98,train_397
61,000063,438.58,11.61,train_397
12,000063,935.29,460.24,train_397
69,000063,1049.93,68.97,train_397
30,000063,229.15,97.67,train_397
66,000063,553.45,227.48,train_397
68,000063,306.25,6.88,train_397
77,000063,840.34,499.11,train_397
62,000063,317.72,191.35,train_397
37,000063,697.03,75.69,train_397
40,000063,724.88,54.55,train_397
60,000063,427.89,15.16,train_397
70,000063,1089.71,89.66,train_397
65,000063,695.09,163.96,train_397
78,000063,252.67,338.08,train_397
73,000063,920.47,204.02,train_397
28,000063,468.62,217.09,train_397
6,000063,967.71,257.21,train_397
38,000063,730.2,67.2,train_397
80,000063,1204.21,424.49,train_397
18,000063,24.48,151.73,train_397
63,000063,876.82,87.99,train_397
33,000063,192.79,177.87,train_397
29,000063,179.64,96.17,train_397
76,000063,309.81,336.56,train_397
49,000063,1185.69,16.6,train_397
31,000063,281.53,87.32,train_397
4,000063,423.84,387.91,train_397
17,000063,277.09,154.03,train_397
3,000063,69.38,24.38,train_397
71,000063,612.28,255.18,train_397
50,000063,157.15,255.23,train_397
67,000063,659.55,181.22,train_397
51,000063,755.04,287.98,train_397
64,000063,902.38,89.92,train_397
52,000063,785.15,270.25,train_397
53,000063,203.2,286.58,train_397
72,000063,559.95,279.17,train_397
55,000063,795.7,587.8,train_397
5,000063,447.98,422.32,train_397
58,000063,1071.31,284.22,train_397
48,000063,1154.23,16.59,train_397
71,000064,600.21,250.68,train_397
4,000064,427.7,390.24,train_397
80,000064,1213.02,411.41,train_397
40,000064,727.34,53.17,train_397
64,000064,900.21,91.52,train_397
29,000064,182.89,97.25,train_397
61,000064,425.34,10.13,train_397
78,000064,260.48,333.87,train_397
62,000064,309.64,196.96,train_397
67,000064,673.33,172.38,train_397
33,000064,190.35,185.04,train_397
51,000064,753.33,297.57,train_397
63,000064,879.86,91.79,train_397
48,000064,1150.95,14.06,train_397
65,000064,703.72,154.52,train_397
38,000064,731.99,66.25,train_397
72,000064,551.99,268.81,train_397
58,000064,1075.8,279.04,train_397
17,000064,271.13,153.47,train_397
55,000064,776.71,591.78,train_397
75,000064,1104.5,77.31,train_397
12,000064,929.07,469.25,train_397
77,000064,818.08,501.36,train_397
73,000064,934.68,194.39,train_397
5,000064,447.88,420.25,train_397
74,000064,644.76,60.2,train_397
50,000064,136.4,265.24,train_397
37,000064,699.96,76.03,train_397
28,000064,467.79,217.37,train_397
68,000064,293.43,4.39,train_397
70,000064,1084.47,83.19,train_397
30,000064,231.17,97.42,train_397
49,000064,1182.5,14.28,train_397
18,000064,25.57,150.95,train_397
53,000064,180.98,292.49,train_397
69,000064,1047.97,64.47,train_397
6,000064,971.12,252.27,train_397
52,000064,789.65,272.18,train_397
66,000064,544.7,223.47,train_397
31,000064,283.34,85.65,train_397
76,000064,322.27,329.73,train_397
60,000064,415.42,14.05,train_397
64,000065,898.5,94.36,train_397
30,000065,232.88,98.12,train_397
40,000065,728.39,53.17,train_397
73,000065,949.33,189.05,train_397
62,000065,299.53,207.59,train_397
55,000065,754.63,597.48,train_397
37,000065,703.3,74.19,train_397
53,000065,157.66,301.25,train_397
60,000065,404.47,12.5,train_397
4,000065,431.14,385.81,train_397
77,000065,792.86,512.8,train_397
65,000065,717.98,147.51,train_397
61,000065,415.21,7.59,train_397
66,000065,534.96,213.54,train_397
74,000065,637.08,61.15,train_397
69,000065,1045.43,60.32,train_397
58,000065,1082.54,270.78,train_397
33,000065,181.31,194.15,train_397
70,000065,1084.15,77.42,train_397
51,000065,758.53,303.84,train_397
12,000065,918.38,480.04,train_397
31,000065,285.31,85.05,train_397
50,000065,111.16,274.18,train_397
68,000065,282.58,4.22,train_397
49,000065,1180.28,10.8,train_397
80,000065,1226.02,394.08,train_397
67,000065,686.95,164.9,train_397
71,000065,594.27,244.21,train_397
52,000065,792.52,278.52,train_397
17,000065,267.39,152.31,train_397
48,000065,1145.41,11.2,train_397
28,000065,468.53,213.93,train_397
75,000065,1109.0,72.05,train_397
72,000065,547.43,256.82,train_397
76,000065,336.87,319.83,train_397
63,000065,883.04,94.52,train_397
5,000065,452.36,418.78,train_397
6,000065,978.72,246.56,train_397
38,000065,733.86,65.35,train_397
29,000065,186.82,97.07,train_397
78,000065,276.31,326.5,train_397
18,000065,28.68,149.79,train_397
51,000066,758.15,309.32,train_397
52,000066,790.23,287.51,train_397
58,000066,1088.96,266.22,train_397
66,000066,529.74,205.66,train_397
48,000066,1140.43,7.1,train_397
65,000066,732.1,142.27,train_397
31,000066,289.09,82.93,train_397
30,000066,235.81,95.76,train_397
28,000066,468.53,214.83,train_397
69,000066,1042.78,55.17,train_397
55,000066,725.84,602.47,train_397
6,000066,984.72,244.03,train_397
63,000066,880.29,97.38,train_397
68,000066,267.96,2.56,train_397
76,000066,342.04,309.98,train_397
64,000066,898.29,98.27,train_397
80,000066,1227.23,375.29,train_397
61,000066,403.99,9.14,train_397
40,000066,727.14,50.81,train_397
17,000066,263.43,152.73,train_397
50,000066,86.98,280.69,train_397
77,000066,772.32,520.17,train_397
71,000066,589.33,236.33,train_397
78,000066,290.11,314.88,train_397
60,000066,392.8,11.17,train_397
37,000066,707.25,73.59,train_397
62,000066,284.07,213.42,train_397
75,000066,1111.89,67.12,train_397
67,000066,701.36,161.62,train_397
49,000066,1181.07,8.23,train_397
29,000066,189.24,96.77,train_397
74,000066,631.06,64.72,train_397
72,000066,540.73,247.52,train_397
12,000066,900.97,487.51,train_397
4,000066,431.39,380.35,train_397
5,000066,460.8,412.45,train_397
18,000066,30.23,149.11,train_397
33,000066,171.59,201.07,train_397
73,000066,960.09,176.71,train_397
53,000066,130.85,308.85,train_397
70,000066,1082.06,73.52,train_397
38,000066,734.05,64.84,train_397
51,000067,757.88,316.42,train_397
18,000067,30.87,148.47,train_397
62,000067,267.48,221.89,train_397
53,000067,101.79,320.31,train_397
76,000067,345.21,303.34,train_397
71,000067,581.23,227.41,train_397
81,000067,1013.73,689.37,train_397
63,000067,875.18,100.44,train_397
66,000067,525.65,197.03,train_397
68,000067,253.36,1.0,train_397
6,000067,992.93,241.25,train_397
67,000067,714.7,153.75,train_397
4,000067,434.48,378.44,train_397
77,000067,753.29,520.34,train_397
5,000067,473.55,410.33,train_397
40,000067,724.71,50.5,train_397
30,000067,236.96,95.24,train_397
58,000067,1094.85,259.89,train_397
33,000067,161.48,210.16,train_397
12,000067,880.39,497.54,train_397
74,000067,625.01,70.95,train_397
52,000067,787.96,291.56,train_397
64,000067,895.66,100.8,train_397
28,000067,469.43,213.02,train_397
70,000067,1080.34,66.71,train_397
31,000067,289.13,81.3,train_397
78,000067,297.8,304.43,train_397
73,000067,970.05,168.15,train_397
65,000067,744.1,134.33,train_397
37,000067,707.79,72.81,train_397
48,000067,1137.86,3.91,train_397
72,000067,533.67,237.69,train_397
60,000067,380.46,9.75,train_397
29,000067,189.51,96.23,train_397
61,000067,390.33,10.15,train_397
50,000067,64.26,295.3,train_397
38,000067,735.22,64.37,train_397
49,000067,1180.96,3.74,train_397
69,000067,1036.14,51.64,train_397
17,000067,262.92,150.29,train_397
80,000067,1224.3,359.55,train_397
75,000067,1109.85,63.86,train_397
55,000067,698.29,608.91,train_397
76,000068,344.72,294.04,train_397
65,000068,754.37,128.9,train_397
64,000068,893.35,104.42,train_397
53,000068,73.49,329.72,train_397
70,000068,1075.89,59.5,train_397
17,000068,260.57,152.32,train_397
52,000068,788.19,298.9,train_397
60,000068,366.85,9.23,train_397
78,000068,304.7,298.97,train_397
31,000068,290.18,79.78,train_397
33,000068,156.72,221.07,train_397
38,000068,734.75,63.67,train_397
61,000068,377.92,7.29,train_397
5,000068,493.94,408.84,train_397
55,000068,671.45,612.79,train_397
48,000068,1137.17,2.71,train_397
67,000068,724.64,147.76,train_397
4,000068,433.49,378.16,train_397
62,000068,251.64,233.79,train_397
68,000068,240.19,1.03,train_397
40,000068,721.7,50.74,train_397
66,000068,518.36,189.66,train_397
37,000068,710.29,72.88,train_397
51,000068,754.51,321.74,train_397
49,000068,1177.34,1.11,train_397
50,000068,36.37,306.02,train_397
63,000068,868.33,101.85,train_397
80,000068,1227.92,339.62,train_397
12,000068,865.48,511.15,train_397
69,000068,1031.11,48.25,train_397
75,000068,1106.02,58.06,train_397
6,000068,1002.23,237.44,train_397
73,000068,976.74,161.9,train_397
71,000068,569.64,220.39,train_397
18,000068,31.3,149.75,train_397
72,000068,530.86,228.79,train_397
29,000068,191.37,97.31,train_397
30,000068,238.2,93.47,train_397
81,000068,1037.65,667.89,train_397
28,000068,469.43,214.53,train_397
58,000068,1099.97,253.74,train_397
74,000068,619.87,74.57,train_397
77,000068,739.72,526.94,train_397
61,000069,365.62,6.58,train_397
60,000069,353.64,9.32,train_397
80,000069,1231.88,328.29,train_397
63,000069,864.13,104.37,train_397
5,000069,504.23,409.91,train_397
17,000069,256.67,150.69,train_397
50,000069,11.38,312.94,train_397
74,000069,614.47,79.45,train_397
67,000069,734.23,141.27,train_397
70,000069,1068.46,57.14,train_397
51,000069,754.98,328.77,train_397
62,000069,236.44,241.37,train_397
6,000069,1011.51,230.82,train_397
52,000069,791.47,311.21,train_397
75,000069,1105.2,52.54,train_397
69,000069,1026.43,43.56,train_397
40,000069,718.11,48.98,train_397
38,000069,734.28,62.82,train_397
33,000069,148.78,229.34,train_397
31,000069,289.92,78.46,train_397
76,000069,346.17,288.73,train_397
65,000069,761.71,124.67,train_397
71,000069,558.99,210.02,train_397
72,000069,531.25,219.42,train_397
58,000069,1103.78,247.0,train_397
77,000069,727.44,528.36,train_397
78,000069,305.71,288.48,train_397
64,000069,891.41,107.92,train_397
29,000069,192.45,97.04,train_397
55,000069,646.62,617.48,train_397
49,000069,1173.72,0.59,train_397
66,000069,508.58,184.79,train_397
4,000069,436.19,374.58,train_397
81,000069,1055.56,645.87,train_397
12,000069,849.69,524.11,train_397
30,000069,238.95,93.47,train_397
48,000069,1138.48,0.67,train_397
37,000069,713.96,71.65,train_397
73,000069,988.38,151.34,train_397
28,000069,470.04,215.04,train_397
68,000069,227.27,0.7,train_397
53,000069,44.46,338.36,train_397
18,000069,31.94,149.96,train_397
80,000070,1243.74,315.65,train_397
5,000070,510.58,407.55,train_397
60,000070,339.82,8.55,train_397
74,000070,609.55,83.32,train_397
73,000070,999.47,146.33,train_397
51,000070,752.54,334.74,train_397
61,000070,354.03,2.84,train_397
70,000070,1060.07,49.49,train_397
31,000070,290.09,77.32,train_397
77,000070,714.29,531.78,train_397
30,000070,236.24,92.72,train_397
38,000070,734.03,61.44,train_397
29,000070,190.82,95.69,train_397
75,000070,1104.92,50.74,train_397
33,000070,134.35,239.41,train_397
63,000070,861.15,110.35,train_397
28,000070,470.38,212.54,train_397
40,000070,717.39,49.13,train_397
78,000070,307.73,279.26,train_397
37,000070,713.96,69.82,train_397
18,000070,33.79,148.78,train_397
64,000070,886.28,109.97,train_397
76,000070,351.58,282.2,train_397
58,000070,1105.74,243.81,train_397
4,000070,436.14,371.64,train_397
71,000070,554.58,203.97,train_397
69,000070,1021.05,40.54,train_397
67,000070,742.95,133.94,train_397
6,000070,1016.5,227.29,train_397
72,000070,525.3,210.94,train_397
17,000070,256.72,149.93,train_397
66,000070,496.09,178.38,train_397
12,000070,832.2,534.42,train_397
65,000070,769.53,115.52,train_397
81,000070,1069.53,628.91,train_397
55,000070,622.86,629.6,train_397
62,000070,217.92,253.46,train_397
53,000070,17.11,352.28,train_397
52,000070,798.7,318.61,train_397
74,000071,606.35,87.43,train_397
60,000071,326.93,8.6,train_397
80,000071,1248.9,296.93,train_397
38,000071,732.14,60.44,train_397
55,000071,593.82,641.11,train_397
75,000071,1106.24,45.91,train_397
6,000071,1018.92,221.74,train_397
18,000071,32.3,150.06,train_397
71,000071,553.15,193.7,train_397
12,000071,811.0,547.31,train_397
77,000071,697.65,544.35,train_397
58,000071,1105.14,239.44,train_397
52,000071,800.47,323.82,train_397
37,000071,711.95,67.92,train_397
81,000071,1082.93,602.5,train_397
69,000071,1016.21,35.74,train_397
17,000071,253.71,149.71,train_397
62,000071,199.89,264.8,train_397
67,000071,751.76,129.99,train_397
31,000071,290.35,76.26,train_397
5,000071,509.55,406.27,train_397
4,000071,439.86,373.0,train_397
73,000071,1013.53,140.25,train_397
40,000071,714.74,48.21,train_397
65,000071,778.06,111.93,train_397
70,000071,1055.52,43.56,train_397
33,000071,116.03,248.66,train_397
61,000071,341.53,5.33,train_397
30,000071,233.11,92.85,train_397
51,000071,750.0,344.02,train_397
72,000071,517.23,204.39,train_397
28,000071,469.97,214.22,train_397
76,000071,356.96,272.28,train_397
78,000071,308.96,272.09,train_397
63,000071,857.51,112.86,train_397
66,000071,487.96,169.88,train_397
64,000071,879.11,111.85,train_397
29,000071,190.28,96.5,train_397
67,000072,761.09,124.35,train_397
33,000072,100.32,258.76,train_397
6,000072,1017.51,218.36,train_397
58,000072,1101.52,235.72,train_397
77,000072,674.59,561.92,train_397
5,000072,508.87,405.14,train_397
17,000072,249.26,147.66,train_397
74,000072,605.22,95.33,train_397
60,000072,315.41,7.59,train_397
65,000072,789.25,106.85,train_397
75,000072,1105.39,42.18,train_397
12,000072,786.7,551.98,train_397
63,000072,855.4,117.89,train_397
51,000072,749.67,351.99,train_397
66,000072,480.65,165.67,train_397
69,000072,1011.99,31.72,train_397
70,000072,1050.19,41.11,train_397
78,000072,313.31,265.58,train_397
76,000072,360.54,263.7,train_397
61,000072,328.0,7.47,train_397
64,000072,876.02,115.36,train_397
72,000072,509.85,197.57,train_397
29,000072,192.18,97.58,train_397
80,000072,1247.66,287.1,train_397
4,000072,442.94,375.88,train_397
40,000072,712.21,47.29,train_397
55,000072,562.85,653.9,train_397
28,000072,470.25,214.78,train_397
52,000072,799.42,338.74,train_397
30,000072,228.89,92.34,train_397
71,000072,547.74,186.05,train_397
81,000072,1094.25,585.52,train_397
31,000072,288.38,75.81,train_397
38,000072,728.66,61.09,train_397
18,000072,33.15,149.63,train_397
73,000072,1022.88,131.13,train_397
62,000072,183.74,273.6,train_397
37,000072,706.38,67.49,train_397
81,000073,1107.09,569.32,train_397
71,000073,540.77,178.41,train_397
67,000073,771.38,115.28,train_397
4,000073,447.91,375.54,train_397
31,000073,287.08,76.6,train_397
17,000073,246.31,147.46,train_397
33,000073,81.62,273.36,train_397
66,000073,474.76,158.43,train_397
63,000073,847.83,121.82,train_397
18,000073,33.37,150.06,train_397
74,000073,604.44,99.58,train_397
62,000073,174.29,290.74,train_397
64,000073,872.53,120.35,train_397
73,000073,1031.27,126.15,train_397
40,000073,711.98,46.34,train_397
65,000073,800.65,99.81,train_397
76,000073,361.35,257.59,train_397
72,000073,505.1,191.77,train_397
77,000073,651.26,568.6,train_397
28,000073,468.43,214.6,train_397
78,000073,317.81,258.06,train_397
80,000073,1245.37,273.01,train_397
70,000073,1045.71,35.81,train_397
5,000073,507.28,403.0,train_397
30,000073,226.25,92.88,train_397
75,000073,1099.61,38.86,train_397
58,000073,1098.0,228.42,train_397
52,000073,794.34,351.41,train_397
61,000073,313.86,4.35,train_397
29,000073,190.28,97.86,train_397
51,000073,745.71,363.05,train_397
38,000073,724.13,60.59,train_397
12,000073,757.9,564.02,train_397
37,000073,704.4,68.43,train_397
69,000073,1007.28,28.14,train_397
60,000073,302.63,4.68,train_397
6,000073,1018.35,212.63,train_397
55,000073,535.63,660.26,train_397
29,000074,189.54,97.34,train_397
28,000074,468.15,217.4,train_397
74,000074,602.94,106.23,train_397
69,000074,1002.84,25.52,train_397
33,000074,63.49,284.15,train_397
62,000074,161.28,300.95,train_397
4,000074,457.35,377.38,train_397
71,000074,533.26,168.44,train_397
52,000074,790.89,360.04,train_397
17,000074,245.71,145.11,train_397
80,000074,1246.72,258.93,train_397
66,000074,467.85,152.63,train_397
61,000074,302.91,4.67,train_397
76,000074,358.9,250.86,train_397
18,000074,32.94,150.7,train_397
75,000074,1088.97,37.71,train_397
65,000074,809.84,96.15,train_397
55,000074,512.22,669.12,train_397
67,000074,779.45,112.24,train_397
30,000074,223.43,93.13,train_397
51,000074,741.41,375.97,train_397
38,000074,716.72,61.24,train_397
37,000074,698.88,67.84,train_397
72,000074,498.75,185.15,train_397
77,000074,621.34,577.51,train_397
63,000074,842.55,122.73,train_397
5,000074,506.13,403.77,train_397
78,000074,318.75,248.7,train_397
70,000074,1038.85,32.48,train_397
40,000074,709.69,46.12,train_397
81,000074,1117.72,549.1,train_397
6,000074,1019.43,205.43,train_397
12,000074,737.62,584.03,train_397
31,000074,286.77,78.87,train_397
58,000074,1096.39,224.28,train_397
60,000074,289.89,7.36,train_397
64,000074,873.41,122.95,train_397
73,000074,1038.96,119.53,train_397
78,000075,319.2,245.83,train_397
5,000075,509.3,403.34,train_397
72,000075,486.79,177.2,train_397
12,000075,719.94,598.26,train_397
67,000075,788.81,105.69,train_397
6,000075,1021.75,202.56,train_397
75,000075,1082.04,34.38,train_397
51,000075,733.18,384.66,train_397
55,000075,489.33,683.0,train_397
37,000075,694.57,69.45,train_397
77,000075,591.54,579.46,train_397
65,000075,818.25,91.33,train_397
29,000075,189.81,98.96,train_397
33,000075,43.09,292.05,train_397
31,000075,287.3,79.65,train_397
40,000075,709.46,44.74,train_397
81,000075,1124.55,531.28,train_397
80,000075,1250.37,253.87,train_397
61,000075,289.78,3.89,train_397
63,000075,839.98,127.7,train_397
38,000075,711.68,60.82,train_397
52,000075,787.65,377.93,train_397
18,000075,34.22,151.12,train_397
17,000075,243.98,146.55,train_397
66,000075,457.05,148.64,train_397
4,000075,461.98,376.59,train_397
64,000075,870.0,127.63,train_397
30,000075,222.4,93.93,train_397
60,000075,277.27,5.44,train_397
71,000075,528.45,165.36,train_397
62,000075,145.51,314.88,train_397
70,000075,1034.4,29.98,train_397
69,000075,1001.52,25.25,train_397
58,000075,1095.3,218.48,train_397
28,000075,469.27,216.21,train_397
73,000075,1049.46,117.36,train_397
76,000075,356.92,244.77,train_397
74,000075,600.95,114.07,train_397
28,000076,469.97,215.89,train_397
76,000076,359.67,238.77,train_397
78,000076,316.97,236.23,train_397
52,000076,787.6,396.17,train_397
12,000076,694.69,610.74,train_397
40,000076,709.69,44.74,train_397
65,000076,830.03,84.51,train_397
64,000076,866.23,131.87,train_397
74,000076,600.35,117.72,train_397
72,000076,478.65,169.06,train_397
77,000076,564.0,589.06,train_397
73,000076,1061.53,115.93,train_397
6,000076,1025.34,199.42,train_397
55,000076,459.87,692.1,train_397
33,000076,19.77,306.85,train_397
37,000076,691.8,68.29,train_397
18,000076,34.65,149.84,train_397
75,000076,1075.93,32.54,train_397
80,000076,1256.11,240.74,train_397
61,000076,281.71,2.05,train_397
69,000076,1005.56,21.8,train_397
30,000076,221.66,94.8,train_397
31,000076,288.6,80.8,train_397
17,000076,242.24,145.12,train_397
71,000076,524.96,155.56,train_397
60,000076,265.75,2.24,train_397
63,000076,838.9,131.86,train_397
67,000076,797.57,100.47,train_397
81,000076,1127.86,511.18,train_397
62,000076,126.74,328.2,train_397
4,000076,466.94,373.01,train_397
38,000076,705.95,58.82,train_397
58,000076,1096.06,214.48,train_397
70,000076,1030.55,27.5,train_397
29,000076,191.44,98.42,train_397
51,000076,726.58,398.11,train_397
5,000076,510.45,402.42,train_397
66,000076,448.34,140.47,train_397
70,000077,1030.77,25.79,train_397
51,000077,723.72,414.09,train_397
82,000077,756.78,697.03,train_397
38,000077,700.91,57.58,train_397
63,000077,836.2,134.44,train_397
29,000077,190.98,97.8,train_397
5,000077,513.24,406.46,train_397
28,000077,470.21,215.89,train_397
67,000077,810.51,97.55,train_397
61,000077,269.8,0.69,train_397
30,000077,220.74,93.81,train_397
31,000077,288.86,81.33,train_397
73,000077,1073.54,111.11,train_397
37,000077,687.34,68.51,train_397
78,000077,318.54,231.7,train_397
66,000077,443.41,134.45,train_397
62,000077,103.48,337.13,train_397
60,000077,255.83,2.86,train_397
40,000077,709.25,43.6,train_397
72,000077,473.2,162.68,train_397
69,000077,1013.86,19.88,train_397
64,000077,859.85,136.99,train_397
81,000077,1131.62,494.24,train_397
4,000077,470.42,371.32,train_397
77,000077,536.72,602.56,train_397
58,000077,1102.1,208.02,train_397
71,000077,518.26,149.05,train_397
80,000077,1252.23,229.0,train_397
18,000077,36.26,149.35,train_397
55,000077,433.12,701.4,train_397
65,000077,843.83,82.93,train_397
76,000077,366.58,230.27,train_397
52,000077,784.05,404.14,train_397
74,000077,601.77,124.51,train_397
17,000077,243.3,145.12,train_397
83,000077,15.13,627.36,train_397
6,000077,1030.35,194.35,train_397
12,000077,666.32,623.97,train_397
75,000077,1073.91,28.84,train_397
83,000078,45.1,615.08,train_397
60,000078,246.59,0.92,train_397
70,000078,1031.03,23.83,train_397
77,000078,507.17,614.87,train_397
12,000078,633.23,629.92,train_397
30,000078,220.24,94.06,train_397
40,000078,708.49,43.06,train_397
51,000078,718.93,425.32,train_397
72,000078,465.95,153.89,train_397
85,000078,5.32,190.97,train_397
66,000078,439.95,127.66,train_397
75,000078,1071.7,26.62,train_397
67,000078,824.6,91.34,train_397
80,000078,1242.18,220.86,train_397
65,000078,860.23,77.52,train_397
37,000078,685.52,66.63,train_397
73,000078,1081.69,104.54,train_397
28,000078,471.8,215.48,train_397
58,000078,1102.48,203.25,train_397
38,000078,692.8,55.15,train_397
64,000078,852.76,138.48,train_397
69,000078,1024.13,15.52,train_397
74,000078,603.56,131.77,train_397
76,000078,372.24,222.38,train_397
5,000078,515.76,405.87,train_397
31,000078,289.92,81.59,train_397
52,000078,773.44,420.75,train_397
63,000078,830.95,135.35,train_397
81,000078,1133.95,477.86,train_397
4,000078,471.22,365.89,train_397
61,000078,259.0,0.75,train_397
29,000078,191.06,95.82,train_397
82,000078,781.55,676.2,train_397
62,000078,90.3,351.14,train_397
78,000078,321.92,226.38,train_397
17,000078,244.43,144.21,train_397
18,000078,34.8,148.46,train_397
71,000078,508.18,142.71,train_397
6,000078,1034.64,188.38,train_397
73,000079,1086.73,100.72,train_397
65,000079,873.82,73.08,train_397
72,000079,456.05,149.58,train_397
81,000079,1142.01,457.93,train_397
6,000079,1038.59,185.03,train_397
70,000079,1034.68,21.07,train_397
29,000079,193.32,95.04,train_397
62,000079,82.21,362.43,train_397
64,000079,846.28,142.14,train_397
28,000079,471.52,213.58,train_397
75,000079,1067.09,24.42,train_397
82,000079,804.6,653.18,train_397
58,000079,1102.66,199.99,train_397
83,000079,80.64,600.3,train_397
51,000079,708.14,440.43,train_397
76,000079,376.6,216.57,train_397
18,000079,36.94,148.46,train_397
5,000079,517.65,406.03,train_397
40,000079,705.68,43.37,train_397
4,000079,471.21,361.81,train_397
52,000079,760.8,439.98,train_397
67,000079,836.09,84.86,train_397
74,000079,602.35,137.38,train_397
38,000079,686.23,52.93,train_397
31,000079,290.91,80.42,train_397
78,000079,328.69,218.7,train_397
37,000079,682.45,64.1,train_397
63,000079,818.98,139.21,train_397
12,000079,603.86,643.03,train_397
66,000079,437.28,120.91,train_397
71,000079,501.5,134.43,train_397
84,000079,4.83,637.38,train_397
30,000079,219.5,93.06,train_397
77,000079,478.87,626.79,train_397
85,000079,11.27,185.01,train_397
80,000079,1238.75,208.15,train_397
17,000079,250.31,144.52,train_397
78,000080,332.39,212.75,train_397
73,000080,1091.75,90.1,train_397
63,000080,810.41,140.94,train_397
84,000080,31.13,624.7,train_397
51,000080,693.46,448.92,train_397
76,000080,375.2,212.88,train_397
83,000080,98.39,590.06,train_397
85,000080,9.5,177.4,train_397
62,000080,69.29,368.28,train_397
67,000080,845.61,82.84,train_397
29,000080,192.78,95.31,train_397
4,000080,471.99,361.81,train_397
37,000080,681.08,62.21,train_397
52,000080,749.94,446.92,train_397
70,000080,1036.71,18.88,train_397
12,000080,582.53,657.93,train_397
6,000080,1039.17,182.42,train_397
64,000080,842.86,145.41,train_397
82,000080,822.37,637.22,train_397
80,000080,1234.79,202.4,train_397
74,000080,600.18,143.64,train_397
65,000080,884.49,70.31,train_397
5,000080,518.03,407.17,train_397
18,000080,36.94,148.46,train_397
77,000080,451.57,639.53,train_397
30,000080,220.74,94.56,train_397
40,000080,703.61,44.06,train_397
81,000080,1143.52,443.18,train_397
38,000080,680.37,54.33,train_397
72,000080,450.63,142.65,train_397
31,000080,290.64,79.09,train_397
66,000080,431.62,116.67,train_397
17,000080,252.18,144.52,train_397
28,000080,472.16,215.37,train_397
75,000080,1064.84,23.35,train_397
71,000080,500.11,130.24,train_397
58,000080,1103.28,197.21,train_397
52,000081,739.39,460.11,train_397
83,000081,114.49,573.9,train_397
17,000081,256.94,145.25,train_397
5,000081,519.92,405.27,train_397
64,000081,837.28,147.74,train_397
72,000081,444.17,136.97,train_397
70,000081,1036.98,16.94,train_397
76,000081,374.19,204.2,train_397
77,000081,417.17,639.25,train_397
12,000081,552.39,668.6,train_397
18,000081,36.39,147.55,train_397
73,000081,1099.08,82.92,train_397
65,000081,895.5,63.91,train_397
78,000081,335.0,205.84,train_397
30,000081,218.8,92.6,train_397
75,000081,1065.2,20.98,train_397
84,000081,64.28,611.04,train_397
85,000081,12.76,171.59,train_397
37,000081,674.44,61.21,train_397
58,000081,1104.56,191.26,train_397
80,000081,1236.93,193.83,train_397
62,000081,51.81,374.8,train_397
4,000081,472.39,360.63,train_397
29,000081,194.35,93.85,train_397
31,000081,291.15,78.4,train_397
63,000081,802.11,141.62,train_397
81,000081,1141.34,430.46,train_397
38,000081,671.26,52.1,train_397
67,000081,856.96,76.19,train_397
71,000081,495.95,123.86,train_397
74,000081,595.26,148.29,train_397
51,000081,681.02,459.31,train_397
82,000081,835.94,611.32,train_397
40,000081,698.25,41.42,train_397
6,000081,1038.78,177.85,train_397
66,000081,423.18,111.93,train_397
28,000081,471.61,213.96,train_397
30,000082,219.3,92.35,train_397
31,000082,290.89,79.2,train_397
67,000082,869.27,71.81,train_397
28,000082,470.85,213.71,train_397
12,000082,522.0,679.76,train_397
63,000082,795.05,146.96,train_397
17,000082,258.42,145.56,train_397
83,000082,122.05,556.7,train_397
4,000082,472.55,364.64,train_397
84,000082,88.2,592.47,train_397
78,000082,335.74,200.51,train_397
62,000082,29.12,379.79,train_397
85,000082,8.86,172.96,train_397
37,000082,670.04,64.19,train_397
66,000082,415.65,105.29,train_397
82,000082,854.06,588.91,train_397
81,000082,1138.26,412.28,train_397
58,000082,1104.6,185.79,train_397
5,000082,519.54,404.2,train_397
72,000082,439.49,129.63,train_397
38,000082,662.28,51.48,train_397
75,000082,1069.75,20.71,train_397
70,000082,1035.97,15.1,train_397
40,000082,692.85,40.14,train_397
73,000082,1105.17,76.06,train_397
80,000082,1239.15,182.31,train_397
52,000082,731.66,482.97,train_397
64,000082,831.69,149.81,train_397
6,000082,1036.46,171.71,train_397
76,000082,375.22,199.16,train_397
51,000082,671.6,478.1,train_397
29,000082,193.54,94.66,train_397
77,000082,388.97,650.04,train_397
74,000082,593.98,154.88,train_397
65,000082,907.87,59.29,train_397
71,000082,491.94,117.65,train_397
18,000082,35.78,147.18,train_397
66,000083,411.47,100.82,train_397
80,000083,1233.23,174.85,train_397
70,000083,1032.83,12.84,train_397
6,000083,1035.09,165.3,train_397
51,000083,660.2,491.79,train_397
84,000083,106.58,577.9,train_397
29,000083,194.62,94.12,train_397
83,000083,131.9,538.54,train_397
82,000083,870.54,570.67,train_397
52,000083,723.82,497.13,train_397
67,000083,883.24,71.01,train_397
4,000083,470.91,367.92,train_397
72,000083,431.22,125.38,train_397
63,000083,784.91,150.71,train_397
37,000083,661.37,65.18,train_397
74,000083,590.02,165.41,train_397
18,000083,34.17,145.83,train_397
38,000083,655.8,51.54,train_397
73,000083,1106.76,67.4,train_397
40,000083,687.76,38.54,train_397
58,000083,1106.06,181.77,train_397
65,000083,920.8,57.93,train_397
17,000083,258.71,147.22,train_397
81,000083,1136.69,398.16,train_397
5,000083,518.79,405.71,train_397
28,000083,471.1,213.46,train_397
31,000083,288.4,78.37,train_397
62,000083,11.47,382.96,train_397
75,000083,1077.35,19.36,train_397
64,000083,825.25,154.3,train_397
76,000083,380.79,195.56,train_397
78,000083,335.46,193.85,train_397
71,000083,483.44,112.75,train_397
12,000083,487.79,690.63,train_397
30,000083,217.31,92.85,train_397
77,000083,359.64,666.46,train_397
38,000084,650.6,51.59,train_397
78,000084,336.82,187.93,train_397
37,000084,651.56,66.31,train_397
30,000084,216.81,92.85,train_397
81,000084,1135.84,385.86,train_397
71,000084,475.15,106.56,train_397
51,000084,643.95,509.56,train_397
12,000084,447.51,698.11,train_397
29,000084,194.08,94.94,train_397
73,000084,1106.94,65.41,train_397
18,000084,35.58,146.06,train_397
17,000084,257.0,151.94,train_397
65,000084,936.1,53.99,train_397
70,000084,1031.62,10.37,train_397
40,000084,684.52,38.83,train_397
63,000084,777.23,154.42,train_397
74,000084,586.52,170.01,train_397
64,000084,813.33,158.85,train_397
72,000084,420.98,119.74,train_397
52,000084,709.59,514.22,train_397
76,000084,387.06,191.16,train_397
31,000084,288.4,79.16,train_397
6,000084,1035.41,162.19,train_397
83,000084,152.25,524.49,train_397
84,000084,122.11,557.83,train_397
4,000084,469.05,371.38,train_397
80,000084,1224.42,166.84,train_397
82,000084,888.97,557.54,train_397
77,000084,324.71,680.42,train_397
67,000084,896.88,66.84,train_397
75,000084,1082.77,18.78,train_397
5,000084,518.13,404.88,train_397
66,000084,406.08,96.36,train_397
28,000084,469.85,213.71,train_397
58,000084,1108.38,179.07,train_397
6,000085,1035.48,160.6,train_397
82,000085,903.68,535.17,train_397
18,000085,35.21,146.95,train_397
76,000085,392.86,186.32,train_397
81,000085,1137.02,369.49,train_397
73,000085,1107.62,58.26,train_397
31,000085,288.67,78.9,train_397
83,000085,177.22,513.86,train_397
30,000085,215.57,92.85,train_397
37,000085,644.0,65.82,train_397
65,000085,945.75,50.09,train_397
80,000085,1219.8,156.9,train_397
5,000085,518.5,406.73,train_397
84,000085,137.06,546.39,train_397
64,000085,799.93,161.37,train_397
67,000085,906.97,63.71,train_397
75,000085,1086.86,19.19,train_397
66,000085,399.03,91.29,train_397
4,000085,465.37,373.42,train_397
17,000085,253.11,152.85,train_397
63,000085,767.04,159.83,train_397
74,000085,582.86,179.08,train_397
51,000085,622.33,527.55,train_397
72,000085,412.55,115.01,train_397
58,000085,1111.3,174.29,train_397
78,000085,341.88,184.56,train_397
52,000085,690.97,533.65,train_397
29,000085,194.08,94.12,train_397
77,000085,295.4,694.99,train_397
38,000085,647.39,49.97,train_397
28,000085,469.11,213.21,train_397
70,000085,1034.25,7.48,train_397
40,000085,680.7,40.27,train_397
71,000085,469.93,102.58,train_397
31,000086,286.96,79.16,train_397
40,000086,678.93,41.61,train_397
4,000086,466.69,374.49,train_397
6,000086,1041.01,157.8,train_397
38,000086,646.04,51.49,train_397
75,000086,1091.14,16.68,train_397
18,000086,35.64,146.66,train_397
66,000086,388.31,89.56,train_397
71,000086,465.17,97.39,train_397
29,000086,193.27,94.39,train_397
77,000086,257.57,704.41,train_397
72,000086,405.63,111.6,train_397
76,000086,397.94,182.46,train_397
80,000086,1218.92,152.25,train_397
70,000086,1039.47,6.86,train_397
17,000086,245.47,156.68,train_397
28,000086,470.09,213.95,train_397
74,000086,576.95,188.47,train_397
83,000086,197.02,501.28,train_397
84,000086,153.17,539.28,train_397
5,000086,515.96,404.88,train_397
65,000086,955.4,50.33,train_397
58,000086,1114.19,170.65,train_397
63,000086,755.81,162.69,train_397
81,000086,1134.36,359.65,train_397
37,000086,637.33,67.27,train_397
64,000086,790.6,162.91,train_397
30,000086,215.37,93.38,train_397
51,000086,599.04,542.99,train_397
82,000086,909.79,516.88,train_397
52,000086,666.98,547.25,train_397
78,000086,349.8,180.03,train_397
73,000086,1116.16,53.43,train_397
67,000086,919.37,61.61,train_397
74,000087,572.22,196.08,train_397
81,000087,1130.67,343.6,train_397
84,000087,172.03,530.17,train_397
37,000087,634.91,68.15,train_397
65,000087,968.43,46.07,train_397
38,000087,645.26,52.15,train_397
76,000087,404.37,179.83,train_397
72,000087,400.41,104.86,train_397
40,000087,677.37,41.95,train_397
78,000087,359.09,173.83,train_397
66,000087,380.74,82.57,train_397
28,000087,471.46,212.58,train_397
70,000087,1046.23,4.55,train_397
29,000087,192.99,94.12,train_397
80,000087,1225.67,147.0,train_397
6,000087,1046.51,153.58,train_397
64,000087,783.27,168.42,train_397
4,000087,466.28,374.49,train_397
63,000087,746.7,165.37,train_397
83,000087,211.46,486.95,train_397
51,000087,581.64,560.8,train_397
30,000087,218.11,92.39,train_397
31,000087,289.15,76.99,train_397
71,000087,460.07,91.95,train_397
52,000087,647.88,563.32,train_397
58,000087,1114.39,166.47,train_397
67,000087,932.23,57.01,train_397
73,000087,1125.13,53.4,train_397
17,000087,240.67,155.45,train_397
5,000087,512.7,400.54,train_397
18,000087,36.15,146.27,train_397
82,000087,914.0,494.24,train_397
75,000087,1097.14,12.65,train_397
74,000088,574.52,207.11,train_397
31,000088,288.35,76.13,train_397
63,000088,740.25,169.23,train_397
40,000088,674.0,42.97,train_397
82,000088,924.38,476.44,train_397
78,000088,367.84,169.03,train_397
64,000088,781.51,170.05,train_397
30,000088,219.18,91.47,train_397
51,000088,565.11,579.62,train_397
29,000088,194.64,93.26,train_397
67,000088,944.42,55.77,train_397
75,000088,1103.89,11.35,train_397
58,000088,1116.22,163.89,train_397
5,000088,509.81,401.09,train_397
6,000088,1051.69,149.71,train_397
71,000088,450.19,88.85,train_397
85,000088,1273.92,348.01,train_397
80,000088,1225.87,138.41,train_397
84,000088,187.69,518.38,train_397
17,000088,236.77,157.72,train_397
87,000088,2.61,501.68,train_397
66,000088,376.74,78.29,train_397
72,000088,393.53,100.17,train_397
73,000088,1135.27,46.33,train_397
18,000088,39.03,145.32,train_397
83,000088,221.14,475.62,train_397
76,000088,406.89,171.64,train_397
28,000088,472.36,212.0,train_397
86,000088,845.35,689.18,train_397
81,000088,1131.57,330.52,train_397
37,000088,633.3,68.46,train_397
52,000088,630.37,585.86,train_397
70,000088,1054.39,1.87,train_397
4,000088,468.93,374.02,train_397
38,000088,643.31,54.18,train_397
65,000088,982.43,43.13,train_397
75,000089,1113.47,9.07,train_397
63,000089,732.93,174.33,train_397
78,000089,378.82,162.03,train_397
51,000089,545.1,597.09,train_397
71,000089,440.46,81.86,train_397
40,000089,671.3,42.2,train_397
18,000089,40.1,144.29,train_397
64,000089,776.75,172.61,train_397
4,000089,472.33,371.43,train_397
73,000089,1141.93,40.58,train_397
6,000089,1056.61,145.7,train_397
80,000089,1222.28,131.41,train_397
76,000089,413.09,165.16,train_397
31,000089,290.49,74.04,train_397
58,000089,1116.97,158.53,train_397
52,000089,609.88,605.69,train_397
5,000089,506.95,397.26,train_397
70,000089,1062.14,0.99,train_397
28,000089,474.33,210.57,train_397
30,000089,221.7,90.27,train_397
74,000089,575.93,214.4,train_397
65,000089,995.95,39.6,train_397
85,000089,1257.03,331.77,train_397
29,000089,195.94,90.54,train_397
37,000089,630.92,69.74,train_397
81,000089,1131.21,320.66,train_397
83,000089,229.19,457.83,train_397
86,000089,856.7,662.99,train_397
38,000089,642.32,52.94,train_397
87,000089,44.38,479.37,train_397
72,000089,383.91,93.57,train_397
17,000089,237.38,160.28,train_397
82,000089,933.97,461.6,train_397
84,000089,200.33,507.25,train_397
67,000089,960.91,50.74,train_397
66,000089,373.97,72.84,train_397
5,000090,507.43,395.92,train_397
76,000090,420.66,160.01,train_397
29,000090,198.28,89.77,train_397
82,000090,943.29,441.74,train_397
38,000090,639.84,50.94,train_397
80,000090,1217.2,123.97,train_397
87,000090,81.59,455.98,train_397
75,000090,1123.22,1.11,train_397
73,000090,1145.03,37.91,train_397
84,000090,207.82,485.81,train_397
40,000090,669.13,40.72,train_397
88,000090,876.01,3.11,train_397
72,000090,377.38,88.4,train_397
65,000090,1008.91,33.52,train_397
67,000090,973.99,45.32,train_397
51,000090,519.99,618.0,train_397
58,000090,1119.86,152.08,train_397
28,000090,475.16,209.78,train_397
52,000090,586.04,618.8,train_397
81,000090,1134.32,306.27,train_397
66,000090,367.84,66.2,train_397
6,000090,1059.76,143.19,train_397
4,000090,476.22,369.27,train_397
37,000090,632.33,69.01,train_397
85,000090,1242.76,322.78,train_397
30,000090,224.78,87.9,train_397
74,000090,575.71,220.56,train_397
78,000090,387.06,156.29,train_397
71,000090,433.59,78.37,train_397
64,000090,769.46,174.47,train_397
17,000090,241.12,161.9,train_397
83,000090,235.78,443.7,train_397
63,000090,727.04,174.3,train_397
18,000090,42.04,141.55,train_397
31,000090,291.52,73.26,train_397
86,000090,870.21,636.8,train_397
87,000091,117.58,435.91,train_397
65,000091,1019.96,29.6,train_397
6,000091,1059.72,137.05,train_397
67,000091,986.35,44.68,train_397
72,000091,372.5,84.26,train_397
37,000091,636.65,66.57,train_397
82,000091,944.61,422.43,train_397
4,000091,479.0,366.7,train_397
28,000091,475.67,207.83,train_397
30,000091,226.33,84.78,train_397
64,000091,761.0,178.1,train_397
51,000091,489.48,634.63,train_397
71,000091,426.39,69.48,train_397
81,000091,1133.85,294.85,train_397
84,000091,218.77,473.4,train_397
74,000091,574.97,229.35,train_397
66,000091,359.1,63.9,train_397
18,000091,42.52,138.76,train_397
29,000091,200.32,87.09,train_397
80,000091,1213.0,114.36,train_397
5,000091,514.61,393.37,train_397
85,000091,1224.88,314.3,train_397
52,000091,555.11,635.02,train_397
86,000091,889.96,617.62,train_397
17,000091,243.49,163.06,train_397
78,000091,396.97,146.17,train_397
89,000091,22.14,586.97,train_397
38,000091,640.2,47.49,train_397
63,000091,720.33,174.34,train_397
76,000091,433.06,155.59,train_397
31,000091,293.17,70.36,train_397
73,000091,1147.16,29.08,train_397
40,000091,666.45,38.93,train_397
58,000091,1122.32,146.8,train_397
88,000091,872.41,2.18,train_397
83,000091,246.35,429.39,train_397
81,000092,1131.24,285.09,train_397
72,000092,364.41,76.63,train_397
83,000092,258.39,419.8,train_397
30,000092,229.52,85.07,train_397
37,000092,641.45,66.52,train_397
80,000092,1211.82,110.05,train_397
89,000092,45.73,574.27,train_397
87,000092,148.42,412.88,train_397
6,000092,1060.39,130.14,train_397
63,000092,710.84,177.93,train_397
66,000092,348.17,60.18,train_397
88,000092,868.28,3.78,train_397
58,000092,1123.3,141.64,train_397
29,000092,201.0,85.61,train_397
67,000092,996.69,38.9,train_397
28,000092,476.53,206.68,train_397
51,000092,461.31,653.9,train_397
74,000092,573.84,236.25,train_397
31,000092,293.7,67.9,train_397
85,000092,1201.6,309.12,train_397
65,000092,1027.36,25.48,train_397
17,000092,242.09,166.58,train_397
86,000092,910.04,597.3,train_397
78,000092,407.63,141.21,train_397
84,000092,232.64,463.48,train_397
73,000092,1151.17,24.63,train_397
4,000092,476.26,364.62,train_397
5,000092,520.48,392.58,train_397
82,000092,941.83,404.9,train_397
52,000092,523.09,649.63,train_397
40,000092,663.76,37.94,train_397
64,000092,748.92,179.17,train_397
71,000092,417.98,66.09,train_397
38,000092,635.02,46.89,train_397
76,000092,443.13,148.23,train_397
18,000092,42.18,138.01,train_397
5,000093,518.91,396.86,train_397
6,000093,1060.45,127.01,train_397
67,000093,1006.31,35.23,train_397
84,000093,252.35,453.26,train_397
85,000093,1180.59,300.07,train_397
31,000093,293.96,67.9,train_397
51,000093,434.47,682.41,train_397
66,000093,338.88,55.3,train_397
38,000093,631.74,45.43,train_397
80,000093,1215.14,104.71,train_397
74,000093,575.54,246.84,train_397
4,000093,474.0,362.25,train_397
71,000093,406.28,63.01,train_397
82,000093,941.62,385.15,train_397
87,000093,176.57,391.47,train_397
17,000093,242.3,167.38,train_397
72,000093,355.14,74.68,train_397
40,000093,660.53,36.87,train_397
28,000093,477.12,206.85,train_397
86,000093,923.25,575.79,train_397
29,000093,200.73,84.82,train_397
73,000093,1156.39,22.12,train_397
78,000093,417.16,137.52,train_397
58,000093,1125.51,136.61,train_397
89,000093,69.05,566.16,train_397
63,000093,700.01,178.97,train_397
88,000093,865.17,7.71,train_397
30,000093,229.52,84.33,train_397
18,000093,42.86,137.78,train_397
65,000093,1039.01,21.18,train_397
52,000093,494.4,674.55,train_397
81,000093,1129.87,271.54,train_397
64,000093,737.37,181.63,train_397
90,000093,735.23,684.85,train_397
76,000093,451.12,144.47,train_397
83,000093,272.91,409.53,train_397
37,000093,648.39,64.25,train_397
83,000094,286.57,397.5,train_397
71,000094,393.4,58.59,train_397
76,000094,460.28,141.74,train_397
72,000094,343.73,69.28,train_397
66,000094,329.49,53.16,train_397
18,000094,43.25,137.13,train_397
51,000094,407.42,705.25,train_397
67,000094,1016.85,34.88,train_397
40,000094,657.31,36.07,train_397
91,000094,588.33,704.5,train_397
84,000094,268.22,440.66,train_397
88,000094,862.42,10.26,train_397
37,000094,648.54,64.65,train_397
30,000094,227.78,84.08,train_397
82,000094,944.15,372.13,train_397
28,000094,477.12,206.28,train_397
80,000094,1214.24,98.51,train_397
89,000094,91.67,551.67,train_397
81,000094,1126.99,264.45,train_397
86,000094,933.98,558.9,train_397
78,000094,426.99,132.76,train_397
65,000094,1049.23,20.05,train_397
87,000094,198.61,369.33,train_397
74,000094,579.24,259.79,train_397
17,000094,239.93,167.38,train_397
90,000094,748.96,664.51,train_397
85,000094,1157.99,293.32,train_397
38,000094,629.0,46.57,train_397
6,000094,1061.06,124.77,train_397
52,000094,466.3,705.44,train_397
64,000094,729.51,184.56,train_397
73,000094,1160.55,15.05,train_397
31,000094,295.14,67.78,train_397
4,000094,474.43,362.19,train_397
58,000094,1125.45,130.92,train_397
5,000094,512.11,402.4,train_397
63,000094,691.85,181.74,train_397
29,000094,201.59,85.77,train_397
17,000095,237.64,165.53,train_397
28,000095,477.12,205.13,train_397
30,000095,228.77,84.08,train_397
74,000095,580.36,267.5,train_397
18,000095,41.43,138.04,train_397
76,000095,468.28,135.36,train_397
38,000095,627.09,47.75,train_397
81,000095,1129.52,255.37,train_397
89,000095,113.54,538.57,train_397
66,000095,319.62,49.12,train_397
91,000095,618.84,667.03,train_397
92,000095,828.44,699.02,train_397
31,000095,295.19,67.25,train_397
29,000095,201.05,86.3,train_397
86,000095,941.09,538.58,train_397
64,000095,719.44,190.47,train_397
78,000095,438.6,126.97,train_397
88,000095,859.54,11.75,train_397
37,000095,650.64,64.89,train_397
72,000095,333.31,66.82,train_397
40,000095,655.91,37.02,train_397
80,000095,1210.6,94.74,train_397
73,000095,1161.37,10.8,train_397
58,000095,1123.89,129.93,train_397
67,000095,1027.64,30.64,train_397
83,000095,295.01,386.13,train_397
5,000095,502.95,409.7,train_397
85,000095,1142.05,286.73,train_397
65,000095,1062.81,16.08,train_397
87,000095,221.2,354.47,train_397
6,000095,1063.58,123.94,train_397
63,000095,684.18,186.72,train_397
90,000095,764.87,630.73,train_397
4,000095,475.57,360.63,train_397
71,000095,385.32,56.24,train_397
84,000095,278.08,432.13,train_397
82,000095,948.03,358.61,train_397
92,000096,844.76,677.97,train_397
71,000096,378.36,51.77,train_397
58,000096,1120.93,129.81,train_397
89,000096,135.75,532.97,train_397
78,000096,450.31,121.29,train_397
87,000096,251.56,338.42,train_397
38,000096,623.15,48.44,train_397
81,000096,1130.66,244.88,train_397
66,000096,308.95,48.5,train_397
90,000096,780.81,610.92,train_397
67,000096,1036.63,28.54,train_397
63,000096,680.85,191.46,train_397
29,000096,201.32,85.51,train_397
73,000096,1157.85,10.41,train_397
4,000096,481.4,362.62,train_397
88,000096,854.89,16.4,train_397
74,000096,581.82,278.66,train_397
76,000096,477.31,130.33,train_397
65,000096,1069.18,14.09,train_397
6,000096,1068.01,121.52,train_397
91,000096,643.96,619.03,train_397
28,000096,477.2,206.69,train_397
82,000096,948.19,344.28,train_397
80,000096,1204.05,88.2,train_397
30,000096,227.28,85.07,train_397
85,000096,1123.25,276.13,train_397
5,000096,503.11,414.96,train_397
17,000096,234.65,164.69,train_397
86,000096,951.93,524.24,train_397
37,000096,651.42,65.73,train_397
64,000096,711.41,194.38,train_397
18,000096,43.02,138.49,train_397
31,000096,295.2,67.88,train_397
83,000096,306.0,377.28,train_397
40,000096,655.0,39.47,train_397
72,000096,324.86,66.01,train_397
74,000097,584.54,292.46,train_397
4,000097,484.83,367.73,train_397
90,000097,804.14,593.27,train_397
67,000097,1045.24,27.06,train_397
29,000097,202.4,87.6,train_397
71,000097,369.81,47.51,train_397
64,000097,702.84,199.57,train_397
65,000097,1076.33,12.17,train_397
17,000097,230.63,167.26,train_397
87,000097,275.83,320.69,train_397
81,000097,1126.05,239.0,train_397
91,000097,655.32,569.4,train_397
86,000097,966.05,512.35,train_397
58,000097,1119.4,128.41,train_397
83,000097,312.04,366.17,train_397
82,000097,948.29,332.65,train_397
6,000097,1072.37,116.58,train_397
78,000097,465.11,120.82,train_397
94,000097,1260.61,669.63,train_397
28,000097,480.83,207.36,train_397
31,000097,294.42,68.66,train_397
37,000097,649.0,65.95,train_397
72,000097,316.64,62.27,train_397
93,000097,1259.32,713.91,train_397
30,000097,227.01,86.17,train_397
73,000097,1159.43,3.98,train_397
66,000097,294.19,47.44,train_397
80,000097,1202.95,83.31,train_397
5,000097,502.36,418.01,train_397
89,000097,160.66,522.39,train_397
95,000097,811.34,2.97,train_397
18,000097,43.7,139.11,train_397
63,000097,676.13,195.94,train_397
38,000097,618.73,51.08,train_397
85,000097,1105.89,268.34,train_397
76,000097,491.36,129.69,train_397
92,000097,858.69,645.16,train_397
40,000097,654.74,41.29,train_397
88,000097,846.18,20.57,train_397
6,000098,1071.73,114.28,train_397
78,000098,478.67,118.01,train_397
37,000098,649.97,66.91,train_397
67,000098,1052.49,21.64,train_397
82,000098,946.23,319.38,train_397
18,000098,43.25,138.89,train_397
40,000098,657.21,41.61,train_397
92,000098,877.51,623.1,train_397
87,000098,303.15,306.75,train_397
31,000098,296.12,71.39,train_397
30,000098,227.5,86.17,train_397
74,000098,586.31,300.85,train_397
58,000098,1118.81,124.37,train_397
88,000098,840.42,21.01,train_397
89,000098,179.62,505.78,train_397
80,000098,1208.59,81.45,train_397
17,000098,224.37,167.28,train_397
65,000098,1082.42,6.45,train_397
28,000098,479.89,209.74,train_397
76,000098,505.22,128.07,train_397
64,000098,689.09,205.78,train_397
90,000098,823.82,571.43,train_397
72,000098,305.54,59.81,train_397
73,000098,1163.18,1.04,train_397
4,000098,485.25,371.04,train_397
63,000098,669.1,199.37,train_397
81,000098,1123.03,228.21,train_397
86,000098,988.49,496.1,train_397
5,000098,503.34,419.49,train_397
38,000098,616.71,51.04,train_397
83,000098,326.2,356.47,train_397
71,000098,358.58,48.23,train_397
94,000098,1213.89,682.54,train_397
85,000098,1087.37,264.39,train_397
91,000098,669.34,535.41,train_397
66,000098,281.05,45.65,train_397
29,000098,201.87,88.13,train_397
95,000098,795.7,2.44,train_397
74,000099,591.5,317.48,train_397
89,000099,192.98,493.69,train_397
76,000099,517.65,125.25,train_397
80,000099,1215.46,76.56,train_397
63,000099,658.66,205.96,train_397
64,000099,676.7,206.76,train_397
85,000099,1067.53,260.15,train_397
84,000099,325.75,403.16,train_397
38,000099,613.14,51.52,train_397
66,000099,271.31,44.21,train_397
37,000099,645.18,67.48,train_397
65,000099,1090.6,5.53,train_397
58,000099,1116.83,121.39,train_397
40,000099,656.14,43.0,train_397
82,000099,949.79,309.86,train_397
91,000099,693.27,502.71,train_397
18,000099,42.79,139.34,train_397
81,000099,1122.76,221.09,train_397
30,000099,227.75,87.41,train_397
72,000099,291.48,60.29,train_397
71,000099,347.27,44.27,train_397
94,000099,1173.33,688.28,train_397
92,000099,899.5,602.07,train_397
31,000099,296.28,72.32,train_397
78,000099,492.21,113.22,train_397
29,000099,200.54,87.6,train_397
6,000099,1072.3,112.85,train_397
88,000099,836.57,24.29,train_397
83,000099,341.07,351.37,train_397
90,000099,834.24,549.64,train_397
17,000099,218.66,170.11,train_397
28,000099,475.93,212.86,train_397
5,000099,506.7,418.52,train_397
86,000099,1000.3,480.38,train_397
95,000099,780.24,2.62,train_397
67,000099,1058.6,19.6,train_397
87,000099,326.49,291.77,train_397
4,000099,484.24,374.68,train_397
5,000100,510.86,418.53,train_397
67,000100,1067.71,17.21,train_397
78,000100,505.76,112.87,train_397
4,000100,483.83,376.33,train_397
94,000100,1135.68,702.54,train_397
82,000100,957.15,304.61,train_397
31,000100,295.2,71.28,train_397
84,000100,335.73,399.83,train_397
66,000100,263.03,40.78,train_397
40,000100,654.89,44.99,train_397
38,000100,608.67,50.17,train_397
28,000100,471.98,214.86,train_397
85,000100,1049.15,253.11,train_397
88,000100,834.22,28.98,train_397
83,000100,359.09,343.55,train_397
29,000100,201.34,89.34,train_397
72,000100,278.31,57.24,train_397
89,000100,209.69,481.34,train_397
30,000100,227.25,87.93,train_397
71,000100,335.98,43.93,train_397
37,000100,641.34,70.09,train_397
74,000100,600.47,328.09,train_397
95,000100,763.95,5.91,train_397
76,000100,531.0,124.89,train_397
91,000100,711.35,474.08,train_397
64,000100,666.0,210.27,train_397
58,000100,1116.24,118.93,train_397
65,000100,1099.13,2.58,train_397
18,000100,43.98,140.64,train_397
63,000100,647.53,208.57,train_397
86,000100,1008.48,469.18,train_397
17,000100,213.32,174.13,train_397
87,000100,350.49,281.42,train_397
6,000100,1070.37,110.66,train_397
81,000100,1122.85,214.79,train_397
80,000100,1218.4,73.06,train_397
92,000100,915.67,582.92,train_397
90,000100,846.16,527.49,train_397
